03:06:45.517 -> ( -0.88, 0.00, 31.42, 0.00, 0.00, 0.00, 30.75, 876, 0 )
03:06:45.535 -> ( -0.88, 0.00, 31.42, 0.00, 0.00, 0.00, 30.75, 876, 0 )
03:06:45.563 -> ( -0.88, 0.00, 31.42, 0.00, 0.00, 0.00, 30.75, 876, 0 )
03:06:45.593 -> ( -0.88, 0.00, 31.42, 0.00, 0.00, 0.00, 30.75, 876, 0 )
03:06:45.619 -> ( -0.88, 0.00, 31.42, 0.00, 0.00, 0.00, 30.75, 876, 0 )
03:06:45.686 -> ( -0.88, 0.00, 31.42, 0.00, 0.00, 0.00, 30.75, 876, 0 )
03:06:45.686 -> ( -0.88, 0.00, 31.42, 0.00, 0.00, 0.00, 30.75, 876, 0 )
03:06:45.686 -> ( -0.88, 0.00, 31.42, 0.00, 0.00, 0.00, 30.75, 876, 0 )
03:06:45.800 -> ( -0.88, 0.00, 31.42, 0.00, 0.00, 0.00, 30.75, 876, 0 )
03:06:45.800 -> ( -0.88, 0.00, 31.42, 0.00, 0.00, 0.00, 30.75, 876, 0 )
03:06:45.800 -> ( -0.88, 0.00, 31.42, 0.00, 0.00, 0.00, 30.75, 876, 0 )
03:06:45.800 -> ( -0.88, 0.00, 31.42, 0.00, 0.00, 0.00, 30.75, 876, 0 )
03:06:45.817 -> ( -0.88, 0.00, 31.42, 0.00, 0.00, 0.00, 30.75, 876, 0 )
03:06:45.866 -> ( -0.88, 0.00, 31.42, 0.00, 0.00, 0.00, 30.75, 876, 0 )
03:06:45.866 -> ( -0.88, 0.00, 31.42, 0.00, 0.00, 0.00, 30.75, 876, 0 )
03:06:45.886 -> ( -0.88, 0.00, 31.42, 0.00, 0.00, 0.00, 30.75, 876, 0 )
03:06:45.910 -> ( -0.88, 0.00, 31.42, 0.00, 0.00, 0.00, 30.75, 876, 0 )
03:06:45.934 -> ( -0.88, 0.00, 31.42, 0.00, 0.00, 0.00, 30.75, 876, 0 )
03:06:45.959 -> ( -0.88, 0.00, 31.42, 0.00, 0.00, 0.00, 30.75, 876, 0 )
03:06:45.984 -> ( -0.88, 0.00, 31.42, 0.00, 0.00, 0.00, 30.75, 876, 0 )
03:06:46.009 -> ( -0.88, 0.00, 31.42, 0.00, 0.00, 0.00, 30.75, 876, 0 )
03:06:46.036 -> ( -0.88, 0.00, 31.42, 0.00, 0.00, 0.00, 30.75, 876, 0 )
03:06:46.059 -> ( -0.88, 0.00, 31.42, 0.00, 0.00, 0.00, 30.75, 876, 0 )
03:06:46.096 -> ( -0.88, 0.00, 31.42, 0.00, 0.00, 0.00, 30.75, 876, 0 )
03:06:46.112 -> ( -0.88, 0.00, 31.42, 0.00, 0.00, 0.00, 30.75, 876, 0 )
03:06:46.141 -> ( -0.88, 0.00, 31.42, 0.00, 0.00, 0.00, 30.75, 876, 0 )
03:06:46.164 -> ( -0.88, 0.00, 31.42, 0.00, 0.00, 0.00, 30.75, 876, 0 )
03:06:46.198 -> ( -0.88, 0.00, 31.42, 0.00, 0.00, 0.00, 30.75, 876, 0 )
03:06:46.213 -> ( -0.88, 0.00, 31.42, 0.00, 0.00, 0.00, 30.75, 876, 0 )
03:06:46.249 -> ( -0.88, 0.00, 31.42, 0.00, 0.00, 0.00, 30.75, 876, 0 )
03:06:46.263 -> ( -0.88, 0.00, 31.42, 0.00, 0.00, 0.00, 30.75, 876, 0 )
03:06:46.297 -> ( -0.88, 0.00, 31.42, 0.00, 0.00, 0.00, 30.75, 876, 0 )
03:06:46.312 -> ( -0.88, 0.00, 31.42, 0.00, 0.00, 0.00, 30.75, 876, 0 )
03:06:46.348 -> ( -0.88, 0.00, 31.42, 0.00, 0.00, 0.00, 30.75, 876, 0 )
03:06:46.363 -> ( -0.88, 0.00, 31.42, 0.00, 0.00, 0.00, 30.75, 876, 0 )
03:06:46.396 -> ( -0.88, 0.00, 31.42, 0.00, 0.00, 0.00, 30.75, 876, 0 )
03:06:46.412 -> ( -0.88, 0.00, 31.42, 0.00, 0.00, 0.00, 30.75, 876, 0 )
03:06:46.450 -> ( -0.88, 0.00, 31.42, 0.00, 0.00, 0.00, 30.75, 876, 0 )
03:06:46.465 -> ( -0.88, 0.00, 31.42, 0.00, 0.00, 0.00, 30.75, 876, 0 )
03:06:46.487 -> ( -0.88, 0.00, 31.42, 0.00, 0.00, 0.00, 30.75, 876, 0 )
03:06:46.509 -> ( -0.88, 0.00, 31.42, 0.00, 0.00, 0.00, 30.75, 876, 0 )
03:06:46.541 -> ( -0.88, 0.00, 31.42, 0.00, 0.00, 0.00, 30.75, 876, 0 )
03:06:46.559 -> ( -0.88, 0.00, 31.42, 0.00, 0.00, 0.00, 30.75, 876, 0 )
03:06:46.586 -> ( -0.88, 0.00, 31.42, 0.00, 0.00, 0.00, 30.75, 876, 0 )
03:06:46.609 -> ( -0.88, 0.00, 31.42, 0.00, 0.00, 0.00, 30.75, 876, 0 )
03:06:46.636 -> ( -0.88, 0.00, 31.42, 0.00, 0.00, 0.00, 30.75, 876, 0 )
03:06:46.659 -> ( -0.88, 0.00, 31.42, 0.00, 0.00, 0.00, 30.75, 876, 0 )
03:06:46.684 -> ( -0.88, 0.00, 31.42, 0.00, 0.00, 0.00, 30.75, 876, 0 )
03:06:46.709 -> ( -0.88, 0.00, 31.42, 0.00, 0.00, 0.00, 30.75, 876, 0 )
03:06:46.740 -> ( -0.88, 0.00, 31.42, 0.00, 0.00, 0.00, 30.75, 876, 0 )
03:06:46.764 -> ( -0.88, 0.00, 31.42, 0.00, 0.00, 0.00, 30.75, 876, 0 )
03:06:46.784 -> ( -0.88, 0.00, 31.42, 0.00, 0.00, 0.00, 30.75, 876, 0 )
03:06:46.809 -> ( -0.88, 0.00, 31.42, 0.00, 0.00, 0.00, 30.75, 876, 0 )
03:06:46.842 -> ( -0.88, 0.00, 31.42, 0.00, 0.00, 0.00, 30.75, 876, 0 )
03:06:46.860 -> ( -0.88, 0.00, 31.42, 0.00, 0.00, 0.00, 30.75, 876, 0 )
03:06:46.884 -> ( -0.88, 0.00, 31.42, 0.00, 0.00, 0.00, 30.75, 876, 0 )
03:06:46.910 -> ( -0.88, 0.00, 31.42, 0.00, 0.00, 0.00, 30.75, 876, 0 )
03:06:46.938 -> ( -0.88, 0.00, 31.42, 0.00, 0.00, 0.00, 30.75, 876, 0 )
03:06:46.959 -> ( -0.88, 0.00, 31.42, 0.00, 0.00, 0.00, 30.75, 876, 0 )
03:06:46.984 -> ( -0.88, 0.00, 31.42, 0.00, 0.00, 0.00, 30.75, 876, 0 )
03:06:47.009 -> ( -0.88, 0.00, 31.42, 0.00, 0.00, 0.00, 30.75, 876, 0 )
03:06:47.038 -> ( -0.88, 0.00, 31.42, 0.00, 0.00, 0.00, 30.75, 876, 0 )
03:06:47.060 -> ( -0.88, 0.00, 31.42, 0.00, 0.00, 0.00, 30.75, 876, 0 )
03:06:47.084 -> ( -0.88, 0.00, 31.42, 0.00, 0.00, 0.00, 30.75, 876, 0 )
03:06:47.109 -> ( -0.88, 0.00, 31.42, 0.00, 0.00, 0.00, 30.75, 876, 0 )
03:06:47.138 -> ( -0.88, 0.00, 31.42, 0.00, 0.00, 0.00, 30.75, 876, 0 )
03:06:47.159 -> ( -0.88, 0.00, 31.42, 0.00, 0.00, 0.00, 30.75, 876, 0 )
03:06:47.184 -> ( -0.88, 0.00, 31.42, 0.00, 0.00, 0.00, 30.75, 876, 0 )
03:06:47.209 -> ( -0.88, 0.00, 31.42, 0.00, 0.00, 0.00, 30.75, 876, 0 )
03:06:47.239 -> ( -0.88, 0.00, 31.42, 0.00, 0.00, 0.00, 30.75, 876, 0 )
03:06:47.259 -> ( -0.88, 0.00, 31.42, 0.00, 0.00, 0.00, 30.75, 876, 0 )
03:06:47.284 -> ( -0.88, 0.00, 31.42, 0.00, 0.00, 0.00, 30.75, 876, 0 )
03:06:47.309 -> ( -0.88, 0.00, 31.42, 0.00, 0.00, 0.00, 30.75, 876, 0 )
03:06:47.338 -> ( -0.88, 0.00, 31.42, 0.00, 0.00, 0.00, 30.75, 876, 0 )
03:06:47.361 -> ( -0.88, 0.00, 31.42, 0.00, 0.00, 0.00, 30.75, 876, 0 )
03:06:47.384 -> ( -0.88, 0.00, 31.42, 0.00, 0.00, 0.00, 30.75, 876, 0 )
03:06:47.410 -> ( -0.88, 0.00, 31.42, 0.00, 0.00, 0.00, 30.75, 876, 0 )
03:06:47.439 -> ( -0.88, 0.00, 31.42, 0.00, 0.00, 0.00, 30.75, 876, 0 )
03:06:47.460 -> ( -0.88, 0.00, 31.42, 0.00, 0.00, 0.00, 30.75, 876, 0 )
03:06:47.484 -> ( -0.88, 0.00, 31.42, 0.00, 0.00, 0.00, 30.75, 876, 0 )
03:06:47.510 -> ( -0.88, 0.00, 31.42, 0.00, 0.00, 0.00, 30.75, 876, 0 )
03:06:47.539 -> ( -0.88, 0.00, 31.42, 0.00, 0.00, 0.00, 30.75, 876, 0 )
03:06:47.559 -> ( -0.88, 0.00, 31.42, 0.00, 0.00, 0.00, 30.75, 876, 0 )
03:06:47.584 -> ( -0.88, 0.00, 31.42, 0.00, 0.00, 0.00, 30.75, 876, 0 )
03:06:47.609 -> ( -0.88, 0.00, 31.42, 0.00, 0.00, 0.00, 30.75, 876, 0 )
03:06:47.638 -> ( -0.88, 0.00, 31.42, 0.00, 0.00, 0.00, 30.75, 876, 0 )
03:06:47.660 -> ( -0.88, 0.00, 31.42, 0.00, 0.00, 0.00, 30.75, 876, 0 )
03:06:47.684 -> ( -0.88, 0.00, 31.42, 0.00, 0.00, 0.00, 30.75, 876, 0 )
03:06:47.710 -> ( -0.88, 0.00, 31.42, 0.00, 0.00, 0.00, 30.75, 876, 0 )
03:06:47.739 -> ( -0.88, 0.00, 31.42, 0.00, 0.00, 0.00, 30.75, 876, 0 )
03:06:47.759 -> ( -0.88, 0.00, 31.42, 0.00, 0.00, 0.00, 30.75, 876, 0 )
03:06:47.784 -> ( -0.88, 0.00, 31.42, 0.00, 0.00, 0.00, 30.75, 876, 0 )
03:06:47.809 -> ( -0.88, 0.00, 31.42, 0.00, 0.00, 0.00, 30.75, 876, 0 )
03:06:47.839 -> ( -0.88, 0.00, 31.42, 0.00, 0.00, 0.00, 30.75, 876, 0 )
03:06:47.859 -> ( -0.88, 0.00, 31.42, 0.00, 0.00, 0.00, 30.75, 876, 0 )
03:06:47.884 -> ( -0.88, 0.00, 31.42, 0.00, 0.00, 0.00, 30.75, 876, 0 )
03:06:47.909 -> ( -0.88, 0.00, 31.42, 0.00, 0.00, 0.00, 30.75, 876, 0 )
03:06:47.940 -> ( -0.88, 0.00, 31.42, 0.00, 0.00, 0.00, 30.75, 876, 0 )
03:06:47.962 -> ( -0.88, 0.00, 31.42, 0.00, 0.00, 0.00, 30.75, 876, 0 )
03:06:47.984 -> ( -0.88, 0.00, 31.42, 0.00, 0.00, 0.00, 30.75, 876, 0 )
03:06:48.009 -> ( -0.88, 0.00, 31.42, 0.00, 0.00, 0.00, 30.75, 876, 0 )
03:06:48.038 -> ( -0.88, 0.00, 31.42, 0.00, 0.00, 0.00, 30.75, 876, 0 )
03:06:48.059 -> ( -0.88, 0.00, 31.42, 0.00, 0.00, 0.00, 30.75, 876, 0 )
03:06:48.084 -> ( -0.88, 0.00, 31.42, 0.00, 0.00, 0.00, 30.75, 876, 0 )
03:06:48.109 -> ( -0.88, 0.00, 31.42, 0.00, 0.00, 0.00, 30.75, 876, 0 )
03:06:48.137 -> ( -0.88, 0.00, 31.42, 0.00, 0.00, 0.00, 30.75, 876, 0 )
03:06:48.160 -> ( -0.88, -0.00, 31.42, 0.00, 0.00, 0.00, 30.75, 876, 0 )
03:06:48.184 -> ( -0.88, -0.00, 31.42, 0.00, 0.00, 0.00, 30.75, 876, 0 )
03:06:48.209 -> ( -0.88, -0.00, 31.42, 0.00, 0.00, 0.00, 30.75, 876, 0 )
03:06:48.239 -> ( -0.88, -0.00, 31.42, 0.00, 0.00, 0.00, 30.75, 876, 0 )
03:06:48.260 -> ( -0.88, -0.00, 31.42, 0.00, 0.00, 0.00, 30.75, 876, 0 )
03:06:48.284 -> ( -0.88, -0.00, 31.42, 0.00, 0.00, 0.00, 30.75, 876, 0 )
03:06:48.310 -> ( -0.88, -0.00, 31.42, 0.00, 0.00, 0.00, 30.75, 876, 0 )
03:06:48.339 -> ( -0.88, -0.00, 31.42, 0.00, 0.00, 0.00, 30.75, 876, 0 )
03:06:48.360 -> ( -0.88, -0.00, 31.42, 0.00, 0.00, 0.00, 30.75, 876, 0 )
03:06:48.384 -> ( -0.88, -0.00, 31.42, 0.00, 0.00, 0.00, 30.75, 876, 0 )
03:06:48.410 -> ( -0.88, -0.00, 31.42, 0.00, 0.00, 0.00, 30.75, 876, 0 )
03:06:48.438 -> ( -0.88, 0.00, 31.42, 0.00, 0.00, 0.00, 30.75, 876, 0 )
03:06:48.459 -> ( -0.88, 0.00, 31.42, 0.00, 0.00, 0.00, 30.75, 876, 0 )
03:06:48.484 -> ( -0.88, 0.00, 31.42, 0.00, 0.00, 0.00, 30.75, 876, 0 )
03:06:48.509 -> ( -0.88, 0.00, 31.42, 0.00, 0.00, 0.00, 30.75, 876, 0 )
03:06:48.538 -> ( -0.88, 0.00, 31.42, 0.00, 0.00, 0.00, 30.75, 876, 0 )
03:06:48.562 -> ( -0.88, 0.00, 31.42, 0.00, 0.00, 0.00, 30.75, 876, 0 )
03:06:48.584 -> ( -0.88, 0.00, 31.42, 0.00, 0.00, 0.00, 30.75, 876, 0 )
03:06:48.609 -> ( -0.88, 0.00, 31.42, 0.00, 0.00, 0.00, 30.75, 876, 0 )
03:06:48.639 -> ( -0.88, 0.00, 31.42, 0.00, 0.00, 0.00, 30.75, 876, 0 )
03:06:48.659 -> ( -0.88, 0.00, 31.42, 0.00, 0.00, 0.00, 30.75, 876, 0 )
03:06:48.684 -> ( -0.88, 0.00, 31.42, 0.00, 0.00, 0.00, 30.75, 876, 0 )
03:06:48.709 -> ( -0.88, 0.00, 31.42, 0.00, 0.00, 0.00, 30.75, 876, 0 )
03:06:48.740 -> ( -0.88, 0.00, 31.42, 0.00, 0.00, 0.00, 30.75, 876, 0 )
03:06:48.760 -> ( -0.88, 0.00, 31.42, 0.00, 0.00, 0.00, 30.75, 876, 0 )
03:06:48.784 -> ( -0.88, 0.00, 31.42, 0.00, 0.00, 0.00, 30.75, 876, 0 )
03:06:48.809 -> ( -0.88, 0.00, 31.42, 0.00, 0.00, 0.00, 30.75, 876, 0 )
03:06:48.839 -> ( -0.88, 0.00, 31.42, 0.00, 0.00, 0.00, 30.75, 876, 0 )
03:06:48.859 -> ( -0.88, 0.00, 31.42, 0.00, 0.00, 0.00, 30.75, 876, 0 )
03:06:48.884 -> ( -0.88, 0.00, 31.42, 0.00, 0.00, 0.00, 30.75, 876, 0 )
03:06:48.910 -> ( -0.88, -0.01, -31.36, 2.37, 0.00, 0.00, -31.06, -885, 0 )
03:06:48.938 -> ( -0.87, 0.46, -31.00, 12.79, 0.00, 0.00, -29.34, -830, 0 )
03:06:48.960 -> ( -0.83, 1.47, -30.39, 21.82, 0.00, 0.00, -27.38, -762, 0 )
03:06:48.985 -> ( -0.74, 2.96, -29.61, 30.11, 0.00, 0.00, -24.81, -671, 0 )
03:06:49.010 -> ( -0.61, 4.95, -28.61, 40.63, 0.00, 0.00, -22.36, -570, 0 )
03:06:49.040 -> ( -0.39, 7.73, -26.94, 57.86, 0.00, 0.00, -17.82, -414, 0 )
03:06:49.060 -> ( -0.18, 7.68, -25.11, 72.54, 0.00, 0.00, -14.21, -312, 0 )
03:06:49.085 -> ( -0.18, 2.03, -23.17, 77.30, 0.00, 0.00, -12.77, -339, 0 )
03:06:49.109 -> ( 0.01, 6.97, -21.60, 66.50, 0.00, 0.00, -11.58, -246, 0 )
03:06:49.188 -> ( 0.30, 10.06, -20.50, 48.07, 0.00, 0.00, -11.71, -212, 0 )
03:06:49.188 -> ( 0.57, 10.94, -19.84, 32.36, 0.00, 0.00, -12.57, -227, 0 )
03:06:49.188 -> ( 0.79, 8.69, -19.82, 7.41, 0.00, 0.00, -16.03, -352, 0 )
03:06:49.211 -> ( 0.90, 5.61, -20.50, -19.57, 0.00, 0.00, -20.70, -522, 0 )
03:06:49.237 -> ( 1.00, 4.28, -21.62, -41.22, 0.00, 0.00, -24.70, -652, 0 )
03:06:49.259 -> ( 1.04, 2.28, -23.22, -61.80, 0.00, 0.00, -29.25, -806, 0 )
03:06:49.285 -> ( 1.00, -0.93, -25.45, -83.70, 0.00, 0.00, -36.12, -1040, 0 )
03:06:49.308 -> ( 0.86, -4.67, -28.96, -124.29, 0.00, 0.00, -44.28, -1318, 0 )
03:06:49.338 -> ( 0.60, -8.85, 30.26, -153.92, 0.00, 0.00, 9.53, 165, 0 )
03:06:49.363 -> ( 0.56, -3.36, 25.42, -176.51, 0.00, 0.00, 3.59, 61, 0 )
03:06:49.385 -> ( 0.34, -7.70, 21.65, -160.51, 0.00, 0.00, -0.35, -102, 0 )
03:06:49.410 -> ( 0.12, -7.86, 18.09, -139.48, 0.00, 0.00, -0.70, -114, 0 )
03:06:49.438 -> ( 0.00, -5.24, 15.37, -118.96, 0.00, 0.00, -0.29, -71, 0 )
03:06:49.460 -> ( -0.05, -2.83, 13.17, -98.20, 0.00, 0.00, 0.63, -15, 0 )
03:06:49.484 -> ( -0.06, -1.04, 11.23, -84.21, 0.00, 0.00, 0.95, 14, 0 )
03:06:49.510 -> ( -0.06, -0.24, 9.58, -67.53, 0.00, 0.00, 1.42, 37, 0 )
03:06:49.540 -> ( -0.06, -0.06, 8.40, -53.20, 0.00, 0.00, 1.99, 56, 0 )
03:06:49.559 -> ( -0.06, -0.02, 7.57, -39.09, 0.00, 0.00, 2.84, 80, 0 )
03:06:49.584 -> ( -0.06, -0.00, 7.02, -26.59, 0.00, 0.00, 3.78, 111, 0 )
03:06:49.609 -> ( -0.06, -0.00, 6.70, -14.50, 0.00, 0.00, 4.89, 139, 0 )
03:06:49.640 -> ( -0.06, -0.00, 6.68, -4.50, 0.00, 0.00, 6.05, 172, 0 )
03:06:49.660 -> ( -0.06, -0.00, 6.94, 7.05, 0.00, 0.00, 7.67, 218, 0 )
03:06:49.684 -> ( -0.06, -0.00, 7.44, 17.93, 0.00, 0.00, 9.50, 270, 0 )
03:06:49.710 -> ( -0.06, -0.00, 8.33, 30.39, 0.00, 0.00, 11.80, 336, 0 )
03:06:49.739 -> ( -0.06, -0.00, 9.42, 41.87, 0.00, 0.00, 14.24, 405, 0 )
03:06:49.759 -> ( -0.06, -0.00, 10.92, 57.19, 0.00, 0.00, 17.52, 499, 0 )
03:06:49.784 -> ( -0.06, -0.00, 12.70, 72.36, 0.00, 0.00, 21.26, 605, 0 )
03:06:49.810 -> ( -0.06, -0.00, 15.18, 90.39, 0.00, 0.00, 25.66, 731, 0 )
03:06:49.839 -> ( -0.06, -0.00, 17.75, 102.65, 0.00, 0.00, 29.64, 844, 0 )
03:06:49.860 -> ( -0.06, -0.00, 20.87, 122.56, 0.00, 0.00, 35.08, 999, 0 )
03:06:49.884 -> ( -0.03, 1.20, 24.29, 139.62, 0.00, 0.00, 41.11, 1186, 0 )
03:06:49.910 -> ( 0.07, 3.57, 28.85, 167.24, 0.00, 0.00, 49.28, 1447, 0 )
03:06:49.939 -> ( 0.22, 5.26, -29.48, 182.21, 0.00, 0.00, -6.12, -111, 0 )
03:06:49.962 -> ( 0.34, 5.02, -25.13, 179.33, 0.00, 0.00, -2.18, -1, 0 )
03:06:49.984 -> ( 0.44, 4.10, -21.31, 162.55, 0.00, 0.00, -0.29, 41, 0 )
03:06:50.009 -> ( 0.51, 3.06, -17.54, 146.79, 0.00, 0.00, 1.01, 65, 0 )
03:06:50.039 -> ( 0.54, 1.55, -14.58, 130.12, 0.00, 0.00, 1.56, 62, 0 )
03:06:50.064 -> ( 0.54, 0.42, -12.07, 112.07, 0.00, 0.00, 1.60, 50, 0 )
03:06:50.084 -> ( 0.54, 0.09, -9.95, 92.23, 0.00, 0.00, 1.42, 41, 0 )
03:06:50.110 -> ( 0.54, 0.03, -8.06, 77.33, 0.00, 0.00, 1.35, 38, 0 )
03:06:50.138 -> ( 0.54, 0.00, -6.65, 63.12, 0.00, 0.00, 1.07, 30, 0 )
03:06:50.160 -> ( 0.54, 0.09, -5.50, 51.74, 0.00, 0.00, 0.89, 26, 1 )
03:06:50.184 -> ( 0.58, 1.01, -4.76, 34.69, 0.00, 0.00, -0.08, 9, 1 )
03:06:50.209 -> ( 0.61, 1.39, -4.21, 24.05, 0.00, 0.00, -0.72, -4, 1 )
03:06:50.239 -> ( 0.61, 0.16, -3.67, 24.23, 0.00, 0.00, -0.50, -12, 1 )
03:06:50.259 -> ( 0.58, -0.99, -3.04, 25.94, 0.00, 0.00, -0.00, -11, 1 )
03:06:50.284 -> ( 0.53, -1.74, -2.46, 24.74, 0.00, 0.00, 0.25, -13, 1 )
03:06:50.310 -> ( 0.48, -1.93, -1.91, 21.59, 0.00, 0.00, 0.30, -14, 1 )
03:06:50.339 -> ( 0.43, -1.93, -1.54, 16.57, 0.00, 0.00, 0.05, -21, 1 )
03:06:50.359 -> ( 0.38, -1.96, -1.23, 14.40, 0.00, 0.00, 0.08, -21, 1 )
03:06:50.384 -> ( 0.33, -2.09, -0.89, 13.29, 0.00, 0.00, 0.25, -17, 1 )
03:06:50.410 -> ( 0.28, -2.15, -0.58, 12.04, 0.00, 0.00, 0.36, -15, 1 )
03:06:50.438 -> ( 0.22, -2.22, -0.31, 10.92, 0.00, 0.00, 0.44, -14, 1 )
03:06:50.459 -> ( 0.17, -2.15, -0.08, 10.01, 0.00, 0.00, 0.57, -9, 1 )
03:06:50.485 -> ( 0.12, -2.09, 0.13, 8.19, 0.00, 0.00, 0.56, -9, 1 )
03:06:50.509 -> ( 0.08, -1.71, 0.29, 6.27, 0.00, 0.00, 0.58, -4, 1 )
03:06:50.538 -> ( 0.05, -1.16, 0.31, 2.23, 0.00, 0.00, 0.27, -6, 1 )
03:06:50.561 -> ( 0.03, -0.97, 0.37, 1.73, 0.00, 0.00, 0.31, -2, 1 )
03:06:50.585 -> ( 0.01, -0.82, 0.39, 1.50, 0.00, 0.00, 0.34, 0, 1 )
03:06:50.609 -> ( -0.00, -0.50, 0.39, 0.47, 0.00, 0.00, 0.30, 2, 1 )
03:06:50.638 -> ( 0.00, 0.01, 0.26, -3.15, 0.00, 0.00, -0.11, -2, 1 )
03:06:50.661 -> ( -0.00, -0.18, 0.24, -1.66, 0.00, 0.00, -0.01, -1, 1 )
03:06:50.684 -> ( -0.01, -0.33, 0.26, 0.64, 0.00, 0.00, 0.24, 2, 1 )
03:06:50.709 -> ( -0.01, 0.11, 0.18, -3.04, 0.00, 0.00, -0.15, -2, 1 )
03:06:50.741 -> ( -0.01, -0.02, 0.13, -1.88, 0.00, 0.00, -0.10, -3, 1 )
03:06:50.760 -> ( -0.01, -0.02, 0.16, -0.21, 0.00, 0.00, 0.12, -1, 1 )
03:06:50.784 -> ( 0.01, 0.40, 0.03, -3.28, 0.00, 0.00, -0.25, -2, 1 )
03:06:50.809 -> ( -0.00, -0.14, 0.05, 0.07, 0.00, 0.00, 0.02, -1, 1 )
03:06:50.837 -> ( -0.00, -0.01, 0.08, 0.53, 0.00, 0.00, 0.14, 3, 1 )
03:06:50.860 -> ( 0.01, 0.29, -0.05, -3.78, 0.00, 0.00, -0.41, -1, 1 )
03:06:50.884 -> ( -0.00, -0.28, 0.03, 1.16, 0.00, 0.00, 0.09, 0, 1 )
03:06:50.910 -> ( -0.00, -0.00, 0.03, -0.39, 0.00, 0.00, -0.02, 0, 1 )
03:06:50.938 -> ( 0.00, 0.02, -0.03, -1.19, 0.00, 0.00, -0.16, -4, 1 )
03:06:50.959 -> ( -0.00, -0.12, 0.00, 0.07, 0.00, 0.00, 0.15, 2, 1 )
03:06:50.984 -> ( -0.01, -0.04, 0.03, 0.43, 0.00, 0.00, 0.06, 1, 1 )
03:06:51.009 -> ( -0.00, 0.02, -0.03, -1.04, 0.00, 0.00, -0.14, -3, 1 )
03:06:51.040 -> ( -0.01, -0.18, 0.03, 1.22, 0.00, 0.00, 0.12, 1, 1 )
03:06:51.059 -> ( -0.00, 0.13, -0.03, -1.14, 0.00, 0.00, -0.11, -1, 1 )
03:06:51.084 -> ( -0.01, -0.21, 0.00, 0.66, 0.00, 0.00, 0.02, -2, 1 )
03:06:51.109 -> ( -0.02, -0.22, 0.05, 0.84, 0.00, 0.00, 0.08, 0, 1 )
03:06:51.138 -> ( -0.02, -0.00, 0.03, -0.33, 0.00, 0.00, -0.02, 0, 1 )
03:06:51.161 -> ( -0.02, -0.00, 0.03, -0.10, 0.00, 0.00, 0.01, 0, 1 )
03:06:51.184 -> ( -0.02, -0.20, 0.05, 1.77, 0.00, 0.00, 0.20, 3, 1 )
03:06:51.209 -> ( -0.02, 0.18, 0.00, -1.25, 0.00, 0.00, -0.10, 0, 1 )
03:06:51.240 -> ( -0.02, -0.12, 0.00, 0.54, 0.00, 0.00, 0.03, 0, 1 )
03:06:51.259 -> ( -0.03, -0.23, 0.08, 2.42, 0.00, 0.00, 0.29, 5, 1 )
03:06:51.284 -> ( -0.02, 0.15, -0.03, -2.27, 0.00, 0.00, -0.23, -4, 1 )
03:06:51.309 -> ( -0.03, -0.25, 0.05, 1.41, 0.00, 0.00, 0.14, 0, 1 )
03:06:51.340 -> ( -0.02, 0.29, 0.00, -1.64, 0.00, 0.00, -0.12, 0, 1 )
03:06:51.360 -> ( -0.01, 0.06, -0.05, -1.19, 0.00, 0.00, 0.01, 1, 1 )
03:06:51.384 -> ( -0.02, -0.08, 0.00, 0.70, 0.00, 0.00, 0.05, 0, 1 )
03:06:51.409 -> ( -0.02, -0.02, 0.00, 0.18, 0.00, 0.00, 0.01, 0, 1 )
03:06:51.438 -> ( -0.02, -0.00, -0.03, -1.26, 0.00, 0.00, -0.18, -5, 1 )
03:06:51.459 -> ( -0.02, -0.17, 0.03, 1.45, 0.00, 0.00, 0.12, 1, 1 )
03:06:51.484 -> ( -0.02, 0.13, 0.00, -0.55, 0.00, 0.00, -0.03, 0, 1 )
03:06:51.510 -> ( -0.02, -0.06, 0.00, 0.26, 0.00, 0.00, 0.01, 0, 1 )
03:06:51.538 -> ( -0.02, 0.01, 0.00, 0.07, 0.00, 0.00, 0.00, 0, 1 )
03:06:51.559 -> ( -0.02, 0.00, 0.00, 0.02, 0.00, 0.00, -0.01, 0, 1 )
03:06:51.584 -> ( -0.03, -0.08, 0.00, 0.37, 0.00, 0.00, 0.01, 0, 1 )
03:06:51.609 -> ( -0.02, 0.01, 0.00, 0.10, 0.00, 0.00, 0.01, 0, 1 )
03:06:51.638 -> ( -0.03, -0.07, 0.00, 0.42, 0.00, 0.00, 0.02, 0, 1 )
03:06:51.659 -> ( -0.02, 0.01, -0.03, -0.85, 0.00, 0.00, -0.13, -3, 1 )
03:06:51.684 -> ( -0.03, 0.01, 0.00, 0.22, 0.00, 0.00, 0.02, 0, 1 )
03:06:51.709 -> ( -0.03, -0.12, 0.00, 0.51, 0.00, 0.00, 0.02, 0, 1 )
03:06:51.740 -> ( -0.03, 0.00, 0.00, 0.14, 0.00, 0.00, 0.01, 0, 1 )
03:06:51.761 -> ( -0.03, 0.00, 0.00, 0.04, 0.00, 0.00, -0.01, 0, 1 )
03:06:51.784 -> ( -0.03, 0.00, 0.00, 0.01, 0.00, 0.00, -0.01, 0, 1 )
03:06:51.809 -> ( -0.03, -0.05, 0.00, 0.24, 0.00, 0.00, 0.01, 0, 1 )
03:06:51.839 -> ( -0.03, -0.03, 0.00, 0.60, 0.00, 0.00, 0.05, 1, 1 )
03:06:51.863 -> ( -0.03, -0.00, -0.03, -0.54, 0.00, 0.00, -0.10, -2, 1 )
03:06:51.884 -> ( -0.03, 0.03, -0.03, -0.80, 0.00, 0.00, -0.12, -3, 1 )
03:06:51.909 -> ( -0.03, -0.08, 0.00, 0.83, 0.00, 0.00, 0.06, 0, 1 )
03:06:51.939 -> ( -0.03, 0.02, 0.00, 0.24, 0.00, 0.00, 0.02, -4, 1 )
03:06:51.959 -> ( -0.03, -0.11, 0.00, 0.46, 0.00, 0.00, 0.01, 0, 1 )
03:06:51.984 -> ( -0.03, 0.02, -0.03, -1.18, 0.00, 0.00, -0.17, -4, 1 )
03:06:52.009 -> ( -0.03, -0.02, 0.00, 0.23, 0.00, 0.00, 0.01, 0, 1 )
03:06:52.039 -> ( -0.03, -0.07, 0.00, 0.74, 0.00, 0.00, 0.06, 0, 1 )
03:06:52.059 -> ( -0.03, 0.02, -0.03, -1.12, 0.00, 0.00, -0.16, -4, 1 )
03:06:52.084 -> ( -0.04, -0.08, 0.00, 0.64, 0.00, 0.00, 0.04, 0, 1 )
03:06:52.109 -> ( -0.04, -0.00, 0.00, 0.18, 0.00, 0.00, 0.01, 0, 1 )
03:06:52.138 -> ( -0.04, -0.05, 0.00, 0.48, 0.00, 0.00, 0.03, 0, 1 )
03:06:52.160 -> ( -0.04, -0.02, -0.03, -0.38, 0.00, 0.00, -0.09, -2, 1 )
03:06:52.184 -> ( -0.04, 0.01, 0.00, 0.34, 0.00, 0.00, 0.03, 0, 1 )
03:06:52.209 -> ( -0.04, -0.09, 0.00, 0.85, 0.00, 0.00, 0.06, 0, 1 )
03:06:52.239 -> ( -0.04, -0.05, 0.00, 0.24, 0.00, 0.00, -0.00, 0, 1 )
03:06:52.259 -> ( -0.04, -0.00, 0.00, 0.06, 0.00, 0.00, -0.01, 0, 1 )
03:06:52.284 -> ( -0.04, -0.00, 0.00, 0.02, 0.00, 0.00, -0.01, 0, 1 )
03:06:52.309 -> ( -0.04, -0.10, 0.00, 0.41, 0.00, 0.00, 0.00, -1, 1 )
03:06:52.339 -> ( -0.05, -0.18, 0.03, 1.29, 0.00, 0.00, 0.11, 1, 1 )
03:06:52.359 -> ( -0.04, 0.08, 0.00, -1.38, 0.00, 0.00, -0.16, -3, 1 )
03:06:52.384 -> ( -0.04, -0.01, 0.00, 0.36, 0.00, 0.00, 0.02, 0, 1 )
03:06:52.409 -> ( -0.05, -0.20, 0.05, 2.00, 0.00, 0.00, 0.21, 3, 1 )
03:06:52.440 -> ( -0.04, 0.11, -0.03, -1.88, 0.00, 0.00, -0.21, -4, 1 )
03:06:52.462 -> ( -0.06, -0.32, 0.08, 2.82, 0.00, 0.00, 0.30, 4, 1 )
03:06:52.484 -> ( -0.05, 0.16, 0.03, -0.63, 0.00, 0.00, -0.02, 1, 1 )
03:06:52.510 -> ( -0.05, -0.14, 0.03, 0.47, 0.00, 0.00, 0.02, -1, 1 )
03:06:52.539 -> ( -0.05, -0.02, 0.05, 0.06, 0.00, 0.00, 0.03, 0, 1 )
03:06:52.560 -> ( -0.05, 0.04, 0.03, -0.44, 0.00, 0.00, -0.03, 0, 1 )
03:06:52.584 -> ( -0.05, 0.01, 0.03, -0.12, 0.00, 0.00, -0.00, 0, 1 )
03:06:52.610 -> ( -0.05, -0.00, 0.03, -0.04, 0.00, 0.00, 0.00, 0, 1 )
03:06:52.638 -> ( -0.05, 0.00, 0.05, 1.17, 0.00, 0.00, 0.16, 4, 1 )
03:06:52.659 -> ( -0.05, 0.17, 0.00, -1.57, 0.00, 0.00, -0.16, -2, 1 )
03:06:52.684 -> ( -0.05, -0.11, 0.03, 0.62, 0.00, 0.00, 0.05, 0, 1 )
03:06:52.710 -> ( -0.05, 0.06, 0.05, 0.13, 0.00, 0.00, 0.07, 2, 1 )
03:06:52.740 -> ( -0.04, 0.38, -0.03, -2.17, 0.00, 0.00, -0.17, 0, 1 )
03:06:52.760 -> ( -0.04, -0.10, 0.03, 1.71, 0.00, 0.00, 0.19, 4, 1 )
03:06:52.785 -> ( -0.03, 0.25, -0.03, -1.20, 0.00, 0.00, -0.11, 0, 1 )
03:06:52.810 -> ( -0.03, 0.08, -0.05, -0.63, 0.00, 0.00, -0.12, -2, 1 )
03:06:52.838 -> ( -0.03, 0.02, -0.03, 0.28, 0.00, 0.00, -0.00, 0, 1 )
03:06:52.859 -> ( -0.03, 0.01, -0.03, 0.07, 0.00, 0.00, -0.03, 0, 1 )
03:06:52.884 -> ( -0.03, 0.00, -0.03, 0.02, 0.00, 0.00, -0.03, 0, 1 )
03:06:52.909 -> ( -0.03, -0.05, 0.00, 1.06, 0.00, 0.00, 0.10, 2, 1 )
03:06:52.939 -> ( -0.02, 0.27, -0.08, -2.33, 0.00, 0.00, -0.29, -4, 1 )
03:06:52.959 -> ( -0.03, -0.20, 0.00, 2.07, 0.00, 0.00, 0.18, 2, 1 )
03:06:52.984 -> ( -0.03, 0.20, -0.05, -1.58, 0.00, 0.00, -0.19, -2, 1 )
03:06:53.009 -> ( -0.03, -0.10, -0.03, 0.85, 0.00, 0.00, 0.04, 0, 1 )
03:06:53.040 -> ( -0.03, 0.03, -0.03, -0.39, 0.00, 0.00, -0.07, -1, 1 )
03:06:53.063 -> ( -0.03, -0.10, -0.03, 0.29, 0.00, 0.00, -0.03, -1, 1 )
03:06:53.084 -> ( -0.04, -0.21, 0.03, 2.02, 0.00, 0.00, 0.19, 3, 1 )
03:06:53.110 -> ( -0.03, 0.06, -0.03, -1.38, 0.00, 0.00, -0.18, -4, 1 )
03:06:53.137 -> ( -0.04, -0.15, 0.00, 1.58, 0.00, 0.00, 0.16, 2, 1 )
03:06:53.160 -> ( -0.04, 0.06, -0.03, -1.50, 0.00, 0.00, -0.20, -5, 1 )
03:06:53.184 -> ( -0.04, 0.01, 0.00, 0.03, 0.00, 0.00, -0.01, 0, 1 )
03:06:53.209 -> ( -0.04, -0.18, 0.00, 0.46, 0.00, 0.00, -0.01, -2, 1 )
03:06:53.238 -> ( -0.05, -0.14, 0.03, 0.44, 0.00, 0.00, 0.02, -1, 1 )
03:06:53.259 -> ( -0.05, -0.20, 0.08, 1.88, 0.00, 0.00, 0.22, 3, 1 )
03:06:53.284 -> ( -0.05, 0.10, 0.00, -1.96, 0.00, 0.00, -0.22, -5, 1 )
03:06:53.309 -> ( -0.05, -0.20, 0.05, 0.92, 0.00, 0.00, 0.09, 0, 1 )
03:06:53.339 -> ( -0.05, -0.03, 0.05, 0.23, 0.00, 0.00, 0.05, 1, 1 )
03:06:53.360 -> ( -0.05, 0.13, 0.00, -1.21, 0.00, 0.00, -0.12, -1, 1 )
03:06:53.384 -> ( -0.05, -0.18, 0.08, 1.99, 0.00, 0.00, 0.24, 4, 1 )
03:06:53.410 -> ( -0.05, 0.23, 0.00, -2.17, 0.00, 0.00, -0.21, -3, 1 )
03:06:53.438 -> ( -0.05, -0.11, 0.05, 1.55, 0.00, 0.00, 0.19, 3, 1 )
03:06:53.459 -> ( -0.05, 0.09, 0.03, -0.91, 0.00, 0.00, -0.07, -1, 1 )
03:06:53.484 -> ( -0.04, 0.20, 0.00, -1.21, 0.00, 0.00, -0.10, 0, 1 )
03:06:53.509 -> ( -0.05, -0.08, 0.05, 1.53, 0.00, 0.00, 0.19, 4, 1 )
03:06:53.540 -> ( -0.04, 0.09, 0.03, -0.07, 0.00, 0.00, 0.03, 1, 1 )
03:06:53.559 -> ( -0.04, 0.17, 0.00, -0.28, 0.00, 0.00, -0.00, 1, 1 )
03:06:53.585 -> ( -0.04, 0.04, 0.00, -0.08, 0.00, 0.00, -0.01, 0, 1 )
03:06:53.609 -> ( -0.04, 0.01, 0.00, -0.02, 0.00, 0.00, -0.01, 0, 1 )
03:06:53.638 -> ( -0.04, 0.01, 0.00, -0.01, 0.00, 0.00, -0.01, 0, 1 )
03:06:53.661 -> ( -0.04, 0.00, 0.03, 0.45, 0.00, 0.00, 0.07, 1, 1 )
03:06:53.684 -> ( -0.04, 0.00, 0.03, 0.13, 0.00, 0.00, 0.03, 0, 1 )
03:06:53.709 -> ( -0.04, 0.00, 0.03, 0.04, 0.00, 0.00, 0.02, 0, 1 )
03:06:53.741 -> ( -0.04, 0.00, 0.03, 0.01, 0.00, 0.00, 0.01, 0, 1 )
03:06:53.766 -> ( -0.04, 0.00, 0.05, 0.51, 0.00, 0.00, 0.10, 2, 1 )
03:06:53.784 -> ( -0.04, 0.00, 0.05, 0.14, 0.00, 0.00, 0.06, 1, 1 )
03:06:53.809 -> ( -0.04, 0.00, 0.05, 0.04, 0.00, 0.00, 0.04, 1, 1 )
03:06:53.838 -> ( -0.04, 0.00, 0.08, 0.71, 0.00, 0.00, 0.15, 4, 1 )
03:06:53.859 -> ( -0.04, 0.00, 0.08, 0.20, 0.00, 0.00, 0.09, 2, 1 )
03:06:53.884 -> ( -0.04, 0.00, 0.08, 0.06, 0.00, 0.00, 0.07, 2, 1 )
03:06:53.909 -> ( -0.04, 0.00, 0.10, 0.47, 0.00, 0.00, 0.14, 3, 1 )
03:06:53.940 -> ( -0.04, 0.00, 0.13, 1.07, 0.00, 0.00, 0.24, 6, 1 )
03:06:53.959 -> ( -0.04, 0.00, 0.13, 0.30, 0.00, 0.00, 0.15, 4, 1 )
03:06:53.984 -> ( -0.04, 0.00, 0.16, 0.50, 0.00, 0.00, 0.20, 5, 1 )
03:06:54.009 -> ( -0.04, 0.00, 0.21, 1.86, 0.00, 0.00, 0.39, 11, 1 )
03:06:54.038 -> ( -0.04, 0.00, 0.24, 1.25, 0.00, 0.00, 0.37, 10, 1 )
03:06:54.060 -> ( -0.04, 0.00, 0.29, 1.92, 0.00, 0.00, 0.50, 14, 1 )
03:06:54.084 -> ( -0.04, 0.00, 0.34, 2.06, 0.00, 0.00, 0.57, 16, 1 )
03:06:54.109 -> ( -0.04, 0.00, 0.42, 3.17, 0.00, 0.00, 0.74, 21, 1 )
03:06:54.138 -> ( -0.04, 0.00, 0.50, 3.07, 0.00, 0.00, 0.84, 23, 1 )
03:06:54.159 -> ( -0.04, 0.00, 0.60, 3.98, 0.00, 0.00, 1.05, 29, 1 )
03:06:54.184 -> ( -0.04, 0.00, 0.73, 4.97, 0.00, 0.00, 1.30, 36, 1 )
03:06:54.209 -> ( -0.04, 0.00, 0.89, 6.71, 0.00, 0.00, 1.68, 48, 1 )
03:06:54.239 -> ( -0.04, 0.00, 1.10, 7.64, 0.00, 0.00, 1.97, 56, 1 )
03:06:54.259 -> ( -0.04, 0.00, 1.34, 9.33, 0.00, 0.00, 2.41, 68, 1 )
03:06:54.284 -> ( -0.04, 0.00, 1.62, 11.39, 0.00, 0.00, 2.94, 83, 1 )
03:06:54.309 -> ( -0.04, 0.00, 1.96, 14.59, 0.00, 0.00, 3.70, 105, 1 )
03:06:54.339 -> ( -0.04, 0.00, 2.46, 17.54, 0.00, 0.00, 4.49, 127, 1 )
03:06:54.363 -> ( -0.04, 0.00, 2.98, 20.63, 0.00, 0.00, 5.37, 153, 1 )
03:06:54.384 -> ( -0.04, 0.00, 3.67, 26.44, 0.00, 0.00, 6.73, 191, 1 )
03:06:54.410 -> ( -0.04, 0.00, 4.56, 32.81, 0.00, 0.00, 8.36, 238, 1 )
03:06:54.440 -> ( -0.04, 0.00, 5.55, 39.62, 0.00, 0.00, 10.15, 289, 1 )
03:06:54.460 -> ( -0.04, 0.00, 6.78, 49.48, 0.00, 0.00, 12.53, 357, 0 )
03:06:54.484 -> ( -0.04, 0.00, 8.25, 59.27, 0.00, 0.00, 15.14, 431, 0 )
03:06:54.510 -> ( -0.04, 0.00, 10.18, 71.70, 0.00, 0.00, 18.52, 527, 0 )
03:06:54.538 -> ( -0.04, 0.00, 12.33, 86.74, 0.00, 0.00, 22.42, 638, 0 )
03:06:54.560 -> ( -0.04, 0.00, 14.63, 100.10, 0.00, 0.00, 26.27, 748, 0 )
03:06:54.585 -> ( -0.04, 0.01, 17.75, 116.87, 0.00, 0.00, 31.33, 905, 0 )
03:06:54.610 -> ( -0.04, 0.00, 21.28, 132.19, 0.00, 0.00, 36.64, 1044, 0 )
03:06:54.639 -> ( -0.04, 0.00, 25.05, 151.59, 0.00, 0.00, 42.65, 1215, 0 )
03:06:54.660 -> ( -0.04, 0.00, 28.85, 156.55, 0.00, 0.00, 46.99, 1339, 0 )
03:06:54.685 -> ( -0.04, 0.00, -29.90, 166.33, 0.00, 0.00, -9.95, -277, 0 )
03:06:54.710 -> ( -0.04, -0.00, -25.76, 160.51, 0.00, 0.00, -6.55, -186, 0 )
03:06:54.739 -> ( -0.04, -0.00, -22.04, 155.84, 0.00, 0.00, -3.43, -97, 0 )
03:06:54.760 -> ( -0.04, -0.00, -18.82, 138.76, 0.00, 0.00, -2.26, -64, 0 )
03:06:54.785 -> ( -0.04, -0.00, -15.87, 126.52, 0.00, 0.00, -0.77, -23, 0 )
03:06:54.810 -> ( -0.04, -0.00, -13.27, 105.04, 0.00, 0.00, -0.75, -21, 0 )
03:06:54.838 -> ( -0.04, -0.00, -11.21, 90.70, 0.00, 0.00, -0.39, -11, 0 )
03:06:54.859 -> ( -0.04, -0.00, -9.58, 72.99, 0.00, 0.00, -0.88, -25, 0 )
03:06:54.885 -> ( -0.04, -0.00, -8.30, 58.53, 0.00, 0.00, -1.31, -41, 0 )
03:06:54.910 -> ( -0.04, -0.00, -7.28, 42.86, 0.00, 0.00, -2.15, -61, 0 )
03:06:54.939 -> ( -0.04, -0.00, -6.62, 30.64, 0.00, 0.00, -2.95, -84, 0 )
03:06:54.960 -> ( -0.04, -0.00, -6.20, 20.31, 0.00, 0.00, -3.75, -106, 0 )
03:06:54.985 -> ( -0.04, -0.00, -6.05, 9.95, 0.00, 0.00, -4.82, -140, 0 )
03:06:55.010 -> ( -0.04, -0.00, -6.15, -1.13, 0.00, 0.00, -6.23, -177, 0 )
03:06:55.039 -> ( -0.04, -0.00, -6.49, -11.06, 0.00, 0.00, -7.74, -220, 0 )
03:06:55.060 -> ( -0.04, -0.00, -7.07, -20.82, 0.00, 0.00, -9.46, -269, 0 )
03:06:55.085 -> ( -0.04, -0.00, -7.96, -33.18, 0.00, 0.00, -11.80, -336, 0 )
03:06:55.110 -> ( -0.04, -0.00, -9.19, -44.69, 0.00, 0.00, -14.38, -409, 0 )
03:06:55.138 -> ( -0.04, -0.00, -10.73, -59.57, 0.00, 0.00, -17.66, -503, 0 )
03:06:55.160 -> ( -0.04, -0.00, -12.57, -72.39, 0.00, 0.00, -20.98, -598, 0 )
03:06:55.185 -> ( -0.04, -0.00, -14.87, -90.87, 0.00, 0.00, -25.44, -735, 0 )
03:06:55.209 -> ( -0.04, -0.00, -17.80, -108.93, 0.00, 0.00, -30.47, -868, 0 )
03:06:55.238 -> ( -0.04, -0.00, -20.87, -124.64, 0.00, 0.00, -35.36, -1007, 0 )
03:06:55.259 -> ( -0.04, -0.00, -24.32, -140.01, 0.00, 0.00, -40.59, -1156, 0 )
03:06:55.260 -> 
03:06:55.283 -> ( -0.04, -0.00, -27.99, -150.51, 0.00, 0.00, -45.84, -1306, 0 )
03:06:55.284 -> 
