03:04:06.328 -> -9Eá( -0.47, 0.00, 31.42, 0.00, 0.00, 0.00, 40.18, 1145, 0 )
03:04:06.389 -> ( -0.47, 0.00, 31.42, 0.00, 0.00, 0.00, 40.18, 1145, 0 )
03:04:06.402 -> ( -0.47, 0.00, 31.42, 0.00, 0.00, 0.00, 40.18, 1145, 0 )
03:04:06.441 -> ( -0.47, 0.00, 31.42, 0.00, 0.00, 0.00, 40.18, 1145, 0 )
03:04:06.453 -> ( -0.47, 0.00, 31.42, 0.00, 0.00, 0.00, 40.18, 1145, 0 )
03:04:06.523 -> ( -0.47, 0.00, 31.42, 0.00, 0.00, 0.00, 40.18, 1145, 0 )
03:04:06.523 -> ( -0.47, 0.00, 31.42, 0.00, 0.00, 0.00, 40.18, 1145, 0 )
03:04:06.540 -> ( -0.47, 0.00, 31.42, 0.00, 0.00, 0.00, 40.18, 1145, 0 )
03:04:06.621 -> ( -0.47, 0.00, 31.42, 0.00, 0.00, 0.00, 40.18, 1145, 0 )
03:04:06.621 -> ( -0.47, 0.00, 31.42, 0.00, 0.00, 0.00, 40.18, 1145, 0 )
03:04:06.621 -> ( -0.47, 0.00, 31.42, 0.00, 0.00, 0.00, 40.18, 1145, 0 )
03:04:06.637 -> ( -0.47, 0.00, 31.42, 0.00, 0.00, 0.00, 40.18, 1145, 0 )
03:04:06.678 -> ( -0.47, 0.00, 31.42, 0.00, 0.00, 0.00, 40.18, 1145, 0 )
03:04:06.678 -> ( -0.47, 0.00, 31.42, 0.00, 0.00, 0.00, 40.18, 1145, 0 )
03:04:06.700 -> ( -0.47, 0.00, 31.42, 0.00, 0.00, 0.00, 40.18, 1145, 0 )
03:04:06.734 -> ( -0.47, 0.00, 31.42, 0.00, 0.00, 0.00, 40.18, 1145, 0 )
03:04:06.751 -> ( -0.47, 0.00, 31.42, 0.00, 0.00, 0.00, 40.18, 1145, 0 )
03:04:06.778 -> ( -0.47, 0.00, 31.42, 0.00, 0.00, 0.00, 40.18, 1145, 0 )
03:04:06.801 -> ( -0.47, 0.00, 31.42, 0.00, 0.00, 0.00, 40.18, 1145, 0 )
03:04:06.832 -> ( -0.47, 0.00, 31.42, 0.00, 0.00, 0.00, 40.18, 1145, 0 )
03:04:06.850 -> ( -0.47, 0.00, 31.42, 0.00, 0.00, 0.00, 40.18, 1145, 0 )
03:04:06.879 -> ( -0.47, 0.00, 31.42, 0.00, 0.00, 0.00, 40.18, 1145, 0 )
03:04:06.904 -> ( -0.47, 0.00, 31.42, 0.00, 0.00, 0.00, 40.18, 1145, 0 )
03:04:06.939 -> ( -0.47, 0.00, 31.42, 0.00, 0.00, 0.00, 40.18, 1145, 0 )
03:04:06.954 -> ( -0.47, 0.00, 31.42, 0.00, 0.00, 0.00, 40.18, 1145, 0 )
03:04:06.986 -> ( -0.47, 0.00, 31.42, 0.00, 0.00, 0.00, 40.18, 1145, 0 )
03:04:07.001 -> ( -0.47, 0.00, 31.42, 0.00, 0.00, 0.00, 40.18, 1145, 0 )
03:04:07.038 -> ( -0.47, 0.00, 31.42, 0.00, 0.00, 0.00, 40.18, 1145, 0 )
03:04:07.050 -> ( -0.47, 0.00, 31.42, 0.00, 0.00, 0.00, 40.18, 1145, 0 )
03:04:07.084 -> ( -0.47, 0.00, 31.42, 0.00, 0.00, 0.00, 40.18, 1145, 0 )
03:04:07.100 -> ( -0.47, 0.00, 31.42, 0.00, 0.00, 0.00, 40.18, 1145, 0 )
03:04:07.140 -> ( -0.47, 0.00, 31.42, 0.00, 0.00, 0.00, 40.18, 1145, 0 )
03:04:07.162 -> ( -0.47, 0.00, 31.42, 0.00, 0.00, 0.00, 40.18, 1145, 0 )
03:04:07.193 -> ( -0.47, 0.00, 31.42, 0.00, 0.00, 0.00, 40.18, 1145, 0 )
03:04:07.210 -> ( -0.47, 0.00, 31.42, 0.00, 0.00, 0.00, 40.18, 1145, 0 )
03:04:07.249 -> ( -0.47, 0.00, 31.42, 0.00, 0.00, 0.00, 40.18, 1145, 0 )
03:04:07.251 -> ( -0.47, 0.00, 31.42, 0.00, 0.00, 0.00, 40.18, 1145, 0 )
03:04:07.293 -> ( -0.47, 0.00, 31.42, 0.00, 0.00, 0.00, 40.18, 1145, 0 )
03:04:07.303 -> ( -0.47, 0.00, 31.42, 0.00, 0.00, 0.00, 40.18, 1145, 0 )
03:04:07.336 -> ( -0.47, 0.00, 31.42, 0.00, 0.00, 0.00, 40.18, 1145, 0 )
03:04:07.353 -> ( -0.47, 0.00, 31.42, 0.00, 0.00, 0.00, 40.18, 1145, 0 )
03:04:07.378 -> ( -0.47, 0.00, 31.42, 0.00, 0.00, 0.00, 40.18, 1145, 0 )
03:04:07.401 -> ( -0.47, 0.00, 31.42, 0.00, 0.00, 0.00, 40.18, 1145, 0 )
03:04:07.433 -> ( -0.47, 0.00, 31.42, 0.00, 0.00, 0.00, 40.18, 1145, 0 )
03:04:07.454 -> ( -0.47, 0.00, 31.42, 0.00, 0.00, 0.00, 40.18, 1145, 0 )
03:04:07.479 -> ( -0.47, 0.00, 31.42, 0.00, 0.00, 0.00, 40.18, 1145, 0 )
03:04:07.501 -> ( -0.47, 0.00, 31.42, 0.00, 0.00, 0.00, 40.18, 1145, 0 )
03:04:07.534 -> ( -0.47, 0.00, 31.42, 0.00, 0.00, 0.00, 40.18, 1145, 0 )
03:04:07.551 -> ( -0.47, 0.00, 31.42, 0.00, 0.00, 0.00, 40.18, 1145, 0 )
03:04:07.579 -> ( -0.47, 0.00, 31.42, 0.00, 0.00, 0.00, 40.18, 1145, 0 )
03:04:07.601 -> ( -0.47, 0.00, 31.42, 0.00, 0.00, 0.00, 40.18, 1145, 0 )
03:04:07.635 -> ( -0.47, 0.00, 31.42, 0.00, 0.00, 0.00, 40.18, 1145, 0 )
03:04:07.651 -> ( -0.47, 0.00, 31.42, 0.00, 0.00, 0.00, 40.18, 1145, 0 )
03:04:07.678 -> ( -0.47, 0.00, 31.42, 0.00, 0.00, 0.00, 40.18, 1145, 0 )
03:04:07.701 -> ( -0.47, 0.00, 31.42, 0.00, 0.00, 0.00, 40.18, 1145, 0 )
03:04:07.735 -> ( -0.47, 0.00, 31.42, 0.00, 0.00, 0.00, 40.18, 1145, 0 )
03:04:07.750 -> ( -0.47, 0.00, 31.42, 0.00, 0.00, 0.00, 40.18, 1145, 0 )
03:04:07.777 -> ( -0.47, 0.00, 31.42, 0.00, 0.00, 0.00, 40.18, 1145, 0 )
03:04:07.801 -> ( -0.47, 0.00, 31.42, 0.00, 0.00, 0.00, 40.18, 1145, 0 )
03:04:07.833 -> ( -0.47, 0.00, 31.42, 0.00, 0.00, 0.00, 40.18, 1145, 0 )
03:04:07.850 -> ( -0.47, 0.00, 31.42, 0.00, 0.00, 0.00, 40.18, 1145, 0 )
03:04:07.878 -> ( -0.47, 0.00, 31.42, 0.00, 0.00, 0.00, 40.18, 1145, 0 )
03:04:07.900 -> ( -0.47, 0.00, 31.42, 0.00, 0.00, 0.00, 40.18, 1145, 0 )
03:04:07.933 -> ( -0.47, 0.00, 31.42, 0.00, 0.00, 0.00, 40.18, 1145, 0 )
03:04:07.953 -> ( -0.47, 0.00, 31.42, 0.00, 0.00, 0.00, 40.18, 1145, 0 )
03:04:07.978 -> ( -0.47, 0.00, 31.42, 0.00, 0.00, 0.00, 40.18, 1145, 0 )
03:04:08.001 -> ( -0.47, 0.00, 31.42, 0.00, 0.00, 0.00, 40.18, 1145, 0 )
03:04:08.034 -> ( -0.47, 0.00, 31.42, 0.00, 0.00, 0.00, 40.18, 1145, 0 )
03:04:08.055 -> ( -0.47, 0.00, 31.42, 0.00, 0.00, 0.00, 40.18, 1145, 0 )
03:04:08.078 -> ( -0.47, 0.00, 31.42, 0.00, 0.00, 0.00, 40.18, 1145, 0 )
03:04:08.101 -> ( -0.47, 0.00, 31.42, 0.00, 0.00, 0.00, 40.18, 1145, 0 )
03:04:08.133 -> ( -0.47, 0.00, 31.42, 0.00, 0.00, 0.00, 40.18, 1145, 0 )
03:04:08.156 -> ( -0.47, 0.00, 31.42, 0.00, 0.00, 0.00, 40.18, 1145, 0 )
03:04:08.179 -> ( -0.47, 0.00, 31.42, 0.00, 0.00, 0.00, 40.18, 1145, 0 )
03:04:08.201 -> ( -0.47, 0.00, 31.42, 0.00, 0.00, 0.00, 40.18, 1145, 0 )
03:04:08.233 -> ( -0.47, 0.00, 31.42, 0.00, 0.00, 0.00, 40.18, 1145, 0 )
03:04:08.251 -> ( -0.47, 0.00, 31.42, 0.00, 0.00, 0.00, 40.18, 1145, 0 )
03:04:08.279 -> ( -0.47, 0.00, 31.42, 0.00, 0.00, 0.00, 40.18, 1145, 0 )
03:04:08.300 -> ( -0.47, 0.00, 31.42, 0.00, 0.00, 0.00, 40.18, 1145, 0 )
03:04:08.334 -> ( -0.47, 0.00, 31.42, 0.00, 0.00, 0.00, 40.18, 1145, 0 )
03:04:08.351 -> ( -0.47, 0.00, 31.42, 0.00, 0.00, 0.00, 40.18, 1145, 0 )
03:04:08.377 -> ( -0.47, 0.00, 31.42, 0.00, 0.00, 0.00, 40.18, 1145, 0 )
03:04:08.401 -> ( -0.47, 0.00, 31.42, 0.00, 0.00, 0.00, 40.18, 1145, 0 )
03:04:08.434 -> ( -0.47, 0.00, 31.42, 0.00, 0.00, 0.00, 40.18, 1145, 0 )
03:04:08.450 -> ( -0.47, 0.00, 31.42, 0.00, 0.00, 0.00, 40.18, 1145, 0 )
03:04:08.478 -> ( -0.47, 0.00, 31.42, 0.00, 0.00, 0.00, 40.18, 1145, 0 )
03:04:08.501 -> ( -0.47, 0.00, 31.42, 0.00, 0.00, 0.00, 40.18, 1145, 0 )
03:04:08.535 -> ( -0.47, 0.00, 31.42, 0.00, 0.00, 0.00, 40.18, 1145, 0 )
03:04:08.551 -> ( -0.47, 0.00, 31.42, 0.00, 0.00, 0.00, 40.18, 1145, 0 )
03:04:08.577 -> ( -0.47, -0.01, 31.42, 0.00, 0.00, 0.00, 40.18, 1145, 0 )
03:04:08.601 -> ( -0.47, -0.00, 31.42, 0.00, 0.00, 0.00, 40.18, 1145, 0 )
03:04:08.633 -> ( -0.47, -0.00, 31.42, 0.00, 0.00, 0.00, 40.18, 1145, 0 )
03:04:08.651 -> ( -0.47, -0.00, 31.42, 0.00, 0.00, 0.00, 40.18, 1145, 0 )
03:04:08.678 -> ( -0.47, -0.00, 31.42, 0.00, 0.00, 0.00, 40.18, 1145, 0 )
03:04:08.701 -> ( -0.47, -0.00, 31.42, 0.00, 0.00, 0.00, 40.18, 1145, 0 )
03:04:08.734 -> ( -0.47, -0.00, 31.42, 0.00, 0.00, 0.00, 40.18, 1145, 0 )
03:04:08.754 -> ( -0.47, -0.00, 31.42, 0.00, 0.00, 0.00, 40.18, 1145, 0 )
03:04:08.777 -> ( -0.47, -0.00, 31.42, 0.00, 0.00, 0.00, 40.18, 1145, 0 )
03:04:08.801 -> ( -0.47, -0.00, 31.42, 0.00, 0.00, 0.00, 40.18, 1145, 0 )
03:04:08.834 -> ( -0.47, -0.00, 31.42, 0.00, 0.00, 0.00, 40.18, 1145, 0 )
03:04:08.856 -> ( -0.47, -0.00, 31.42, 0.00, 0.00, 0.00, 40.18, 1145, 0 )
03:04:08.879 -> ( -0.47, -0.00, 31.42, 0.00, 0.00, 0.00, 40.18, 1145, 0 )
03:04:08.901 -> ( -0.47, -0.00, 31.42, 0.00, 0.00, 0.00, 40.18, 1145, 0 )
03:04:08.934 -> ( -0.47, -0.00, 31.42, 0.00, 0.00, 0.00, 40.18, 1145, 0 )
03:04:08.951 -> ( -0.47, -0.00, 31.42, 0.00, 0.00, 0.00, 40.18, 1145, 0 )
03:04:08.978 -> ( -0.47, -0.00, 31.42, 0.00, 0.00, 0.00, 40.18, 1145, 0 )
03:04:09.001 -> ( -0.47, -0.00, 31.42, 0.00, 0.00, 0.00, 40.18, 1145, 0 )
03:04:09.035 -> ( -0.47, -0.00, 31.42, 0.00, 0.00, 0.00, 40.18, 1145, 0 )
03:04:09.051 -> ( -0.47, -0.00, 31.42, 0.00, 0.00, 0.00, 40.18, 1145, 0 )
03:04:09.078 -> ( -0.47, -0.00, 31.42, 0.00, 0.00, 0.00, 40.18, 1145, 0 )
03:04:09.101 -> ( -0.47, -0.00, 31.42, 0.00, 0.00, 0.00, 40.18, 1145, 0 )
03:04:09.132 -> ( -0.47, -0.00, 31.42, 0.00, 0.00, 0.00, 40.18, 1145, 0 )
03:04:09.151 -> ( -0.47, -0.00, 31.42, 0.00, 0.00, 0.00, 40.18, 1145, 0 )
03:04:09.179 -> ( -0.47, -0.00, 31.42, 0.00, 0.00, 0.00, 40.18, 1145, 0 )
03:04:09.201 -> ( -0.47, -0.00, 31.42, 0.00, 0.00, 0.00, 40.18, 1145, 0 )
03:04:09.234 -> ( -0.47, -0.00, 31.42, 0.00, 0.00, 0.00, 40.18, 1145, 0 )
03:04:09.251 -> ( -0.47, -0.00, 31.42, 0.00, 0.00, 0.00, 40.18, 1145, 0 )
03:04:09.279 -> ( -0.47, -0.00, 31.42, 0.00, 0.00, 0.00, 40.18, 1145, 0 )
03:04:09.302 -> ( -0.47, -0.00, 31.42, 0.00, 0.00, 0.00, 40.18, 1145, 0 )
03:04:09.334 -> ( -0.47, -0.00, 31.42, 0.00, 0.00, 0.00, 40.18, 1145, 0 )
03:04:09.354 -> ( -0.47, -0.00, 31.42, 0.00, 0.00, 0.00, 40.18, 1145, 0 )
03:04:09.378 -> ( -0.47, -0.00, 31.42, 0.00, 0.00, 0.00, 40.18, 1145, 0 )
03:04:09.401 -> ( -0.47, -0.00, 31.42, 0.00, 0.00, 0.00, 40.18, 1145, 0 )
03:04:09.435 -> ( -0.47, -0.00, 31.42, 0.00, 0.00, 0.00, 40.18, 1145, 0 )
03:04:09.457 -> ( -0.47, -0.00, 31.42, 0.00, 0.00, 0.00, 40.18, 1145, 0 )
03:04:09.477 -> ( -0.47, -0.00, 31.42, 0.00, 0.00, 0.00, 40.18, 1145, 0 )
03:04:09.501 -> ( -0.47, -0.00, 31.42, 0.00, 0.00, 0.00, 40.18, 1145, 0 )
03:04:09.535 -> ( -0.47, -0.00, 31.42, 0.00, 0.00, 0.00, 40.18, 1145, 0 )
03:04:09.551 -> ( -0.47, -0.00, 31.42, -0.10, 0.00, 0.00, 40.17, 1144, 0 )
03:04:09.578 -> ( -0.47, -0.11, 31.34, -2.43, 0.00, 0.00, 39.64, 1128, 0 )
03:04:09.601 -> ( -0.48, -0.21, 31.18, -5.53, 0.00, 0.00, 38.90, 1106, 0 )
03:04:09.634 -> ( -0.49, -0.34, 31.00, -7.07, 0.00, 0.00, 38.34, 1088, 0 )
03:04:09.651 -> ( -0.51, -0.79, 30.76, -9.35, 0.00, 0.00, 37.29, 1053, 0 )
03:04:09.680 -> ( -0.52, -0.64, 30.55, -7.72, 0.00, 0.00, 37.44, 1059, 0 )
03:04:09.701 -> ( -0.54, -0.79, 30.39, -7.72, 0.00, 0.00, 37.24, 1051, 0 )
03:04:09.734 -> ( -0.57, -0.98, 30.21, -7.58, 0.00, 0.00, 36.77, 1036, 0 )
03:04:09.751 -> ( -0.60, -1.10, 30.08, -5.51, 0.00, 0.00, 36.81, 1035, 0 )
03:04:09.779 -> ( -0.63, -1.29, 29.98, -4.47, 0.00, 0.00, 36.67, 1029, 0 )
03:04:09.800 -> ( -0.68, -1.59, 29.87, -4.19, 0.00, 0.00, 36.35, 1017, 0 )
03:04:09.833 -> ( -0.72, -1.83, 29.79, -3.44, 0.00, 0.00, 36.17, 1008, 0 )
03:04:09.851 -> ( -0.77, -1.84, 29.82, 0.30, 0.00, 0.00, 36.73, 1024, 0 )
03:04:09.878 -> ( -0.81, -1.86, 29.87, 1.93, 0.00, 0.00, 37.19, 1037, 0 )
03:04:09.901 -> ( -0.85, -1.50, 30.08, 6.54, 0.00, 0.00, 38.17, 1069, 0 )
03:04:09.933 -> ( -0.85, -0.37, 30.55, 17.15, 0.00, 0.00, 41.14, 1167, 0 )
03:04:09.953 -> ( -0.82, 0.99, 31.29, 28.25, 0.00, 0.00, 44.80, 1288, 0 )
03:04:09.980 -> ( -0.75, 2.52, -30.42, 39.94, 0.00, 0.00, -32.01, -882, 0 )
03:04:10.003 -> ( -0.62, 4.48, -29.11, 50.72, 0.00, 0.00, -27.29, -724, 0 )
03:04:10.033 -> ( -0.44, 6.85, -27.44, 65.44, 0.00, 0.00, -21.21, -522, 0 )
03:04:10.056 -> ( -0.18, 9.34, -25.50, 77.00, 0.00, 0.00, -14.91, -312, 0 )
03:04:10.080 -> ( 0.09, 10.75, -23.40, 79.56, 0.00, 0.00, -10.90, -181, 0 )
03:04:10.100 -> ( 0.28, 8.54, -21.68, 72.83, 0.00, 0.00, -11.05, -212, 0 )
03:04:10.135 -> ( 0.57, 10.57, -20.29, 60.80, 0.00, 0.00, -9.50, -143, 0 )
03:04:10.151 -> ( 0.84, 10.09, -19.40, 40.19, 0.00, 0.00, -11.52, -207, 0 )
03:04:10.179 -> ( 0.98, 6.86, -19.22, 13.59, 0.00, 0.00, -17.43, -414, 0 )
03:04:10.201 -> ( 1.06, 3.69, -19.61, -9.01, 0.00, 0.00, -23.43, -623, 0 )
03:04:10.235 -> ( 1.08, 1.66, -20.63, -34.08, 0.00, 0.00, -29.86, -836, 0 )
03:04:10.251 -> ( 1.07, 0.06, -22.02, -54.18, 0.00, 0.00, -35.93, -1023, 0 )
03:04:10.278 -> ( 1.03, -1.26, -24.09, -75.75, 0.00, 0.00, -42.58, -1228, 0 )
03:04:10.301 -> ( 0.93, -3.49, -26.55, -96.85, 0.00, 0.00, -50.49, -1480, 0 )
03:04:10.335 -> ( 0.76, -6.33, -29.66, -124.94, 0.00, 0.00, -60.76, -1826, 0 )
03:04:10.351 -> ( 0.60, -6.13, 29.77, -127.02, 0.00, 0.00, 15.56, 370, 0 )
03:04:10.377 -> ( 0.41, -7.50, 26.60, -133.21, 0.00, 0.00, 9.50, 180, 0 )
03:04:10.401 -> ( 0.15, -9.52, 23.22, -138.30, 0.00, 0.00, 2.84, -33, 0 )
03:04:10.434 -> ( -0.10, -10.27, 20.08, -132.89, 0.00, 0.00, -1.07, -162, 0 )
03:04:10.451 -> ( -0.32, -8.71, 17.38, -115.84, 0.00, 0.00, -1.08, -135, 0 )
03:04:10.479 -> ( -0.43, -5.49, 15.11, -94.18, 0.00, 0.00, 1.34, -27, 0 )
03:04:10.501 -> ( -0.49, -2.86, 13.43, -76.12, 0.00, 0.00, 3.63, 69, 0 )
03:04:10.534 -> ( -0.51, -1.33, 12.15, -59.13, 0.00, 0.00, 5.55, 141, 0 )
03:04:10.552 -> ( -0.51, -0.38, 11.15, -42.04, 0.00, 0.00, 7.47, 208, 0 )
03:04:10.578 -> ( -0.51, -0.11, 10.58, -28.23, 0.00, 0.00, 8.99, 254, 0 )
03:04:10.601 -> ( -0.51, -0.03, 10.39, -12.64, 0.00, 0.00, 11.14, 317, 0 )
03:04:10.634 -> ( -0.51, -0.01, 10.58, 2.85, 0.00, 0.00, 13.72, 402, 0 )
03:04:10.654 -> ( -0.51, -0.00, 11.21, 20.12, 0.00, 0.00, 17.12, 487, 0 )
03:04:10.680 -> ( -0.51, -0.00, 12.15, 35.63, 0.00, 0.00, 20.66, 588, 0 )
03:04:10.701 -> ( -0.51, -0.00, 13.48, 51.52, 0.00, 0.00, 24.77, 705, 0 )
03:04:10.735 -> ( -0.51, -0.00, 15.13, 64.45, 0.00, 0.00, 28.83, 853, 0 )
03:04:10.751 -> ( -0.51, -0.00, 17.49, 84.40, 0.00, 0.00, 34.86, 993, 0 )
03:04:10.778 -> ( -0.51, -0.00, 20.11, 104.54, 0.00, 0.00, 41.26, 1175, 0 )
03:04:10.801 -> ( -0.50, 0.50, 23.09, 121.17, 0.00, 0.00, 47.95, 1372, 0 )
03:04:10.833 -> ( -0.44, 2.09, 26.57, 142.18, 0.00, 0.00, 56.71, 1626, 0 )
03:04:10.851 -> ( -0.30, 4.52, 31.00, 164.48, 0.00, 0.00, 67.48, 1977, 0 )
03:04:10.880 -> ( -0.15, 6.00, -27.65, 168.57, 0.00, 0.00, -6.38, -109, 0 )
03:04:10.901 -> ( 0.00, 5.60, -23.80, 169.30, 0.00, 0.00, -0.58, 50, 0 )
03:04:10.935 -> ( 0.11, 4.62, -19.82, 157.35, 0.00, 0.00, 0.27, 63, 0 )
03:04:10.951 -> ( 0.18, 3.14, -16.55, 132.24, 0.00, 0.00, 0.76, 59, 0 )
03:04:10.979 -> ( 0.21, 1.54, -13.98, 112.29, 0.00, 0.00, 0.00, 18, 0 )
03:04:11.000 -> ( 0.21, 0.35, -11.70, 97.36, 0.00, 0.00, -0.10, 1, 0 )
03:04:11.034 -> ( 0.21, 0.09, -9.90, 80.36, 0.00, 0.00, -1.02, -28, 0 )
03:04:11.050 -> ( 0.21, 0.02, -8.33, 64.25, 0.00, 0.00, -0.94, -26, 0 )
03:04:11.080 -> ( 0.21, 0.01, -7.23, 49.99, 0.00, 0.00, -1.67, -47, 0 )
03:04:11.101 -> ( 0.21, 0.00, -6.39, 38.35, 0.00, 0.00, -2.34, -66, 0 )
03:04:11.135 -> ( 0.21, -0.01, -5.81, 27.24, 0.00, 0.00, -3.45, -98, 1 )
03:04:11.153 -> ( 0.17, -1.34, -5.18, 25.42, 0.00, 0.00, -3.67, -120, 1 )
03:04:11.180 -> ( 0.08, -3.07, -4.58, 25.43, 0.00, 0.00, -4.12, -154, 1 )
03:04:11.201 -> ( -0.05, -4.91, -3.80, 30.85, 0.00, 0.00, -3.62, -162, 1 )
03:04:11.237 -> ( -0.23, -6.50, -2.96, 34.19, 0.00, 0.00, -3.29, -171, 1 )
03:04:11.256 -> ( -0.44, -7.70, -2.02, 35.84, 0.00, 0.00, -2.73, -170, 1 )
03:04:11.279 -> ( -0.65, -8.36, -1.13, 36.14, 0.00, 0.00, -2.12, -160, 1 )
03:04:11.301 -> ( -0.88, -8.69, -0.24, 36.25, 0.00, 0.00, -1.33, -142, 1 )
03:04:11.335 -> ( -1.07, -8.29, 0.52, 32.43, 0.00, 0.00, -0.78, -121, 1 )
03:04:11.351 -> ( -1.26, -7.38, 1.18, 28.54, 0.00, 0.00, 0.00, -88, 1 )
03:04:11.378 -> ( -1.41, -6.49, 1.70, 21.20, 0.00, 0.00, 0.05, -76, 1 )
03:04:11.400 -> ( -1.53, -5.34, 2.07, 16.30, 0.00, 0.00, 0.48, -50, 1 )
03:04:11.435 -> ( -1.62, -3.89, 2.25, 9.56, 0.00, 0.00, 0.49, -32, 1 )
03:04:11.450 -> ( -1.69, -2.93, 2.41, 6.88, 0.00, 0.00, 1.03, -5, 1 )
03:04:11.478 -> ( -1.73, -1.90, 2.51, 4.34, 0.00, 0.00, 1.46, 18, 1 )
03:04:11.501 -> ( -1.72, -0.15, 2.36, -3.58, 0.00, 0.00, 1.26, 34, 1 )
03:04:11.535 -> ( -1.70, 0.78, 2.15, -7.16, 0.00, 0.00, 1.20, 43, 1 )
03:04:11.551 -> ( -1.67, 1.04, 2.04, -4.74, 0.00, 0.00, 1.52, 55, 1 )
03:04:11.578 -> ( -1.63, 1.35, 1.99, -2.96, 0.00, 0.00, 1.95, 71, 1 )
03:04:11.600 -> ( -1.58, 1.97, 1.91, -3.18, 0.00, 0.00, 2.27, 88, 1 )
03:04:11.635 -> ( -1.51, 2.69, 1.78, -5.06, 0.00, 0.00, 2.20, 95, 1 )
03:04:11.651 -> ( -1.41, 3.74, 1.52, -9.35, 0.00, 0.00, 2.15, 106, 1 )
03:04:11.678 -> ( -1.29, 4.57, 1.20, -12.03, 0.00, 0.00, 1.99, 111, 1 )
03:04:11.700 -> ( -1.16, 5.11, 0.84, -14.11, 0.00, 0.00, 1.66, 108, 1 )
03:04:11.733 -> ( -1.03, 5.23, 0.52, -13.66, 0.00, 0.00, 1.45, 104, 1 )
03:04:11.750 -> ( -0.89, 5.40, 0.16, -14.00, 0.00, 0.00, 1.17, 97, 1 )
03:04:11.779 -> ( -0.76, 5.34, -0.10, -11.66, 0.00, 0.00, 1.23, 98, 1 )
03:04:11.801 -> ( -0.64, 5.19, -0.37, -10.99, 0.00, 0.00, 0.97, 89, 1 )
03:04:11.834 -> ( -0.52, 4.85, -0.60, -10.20, 0.00, 0.00, 0.79, 80, 1 )
03:04:11.854 -> ( -0.41, 4.32, -0.76, -6.64, 0.00, 0.00, 0.68, 71, 1 )
03:04:11.878 -> ( -0.32, 3.81, -0.86, -4.93, 0.00, 0.00, 0.52, 60, 1 )
03:04:11.901 -> ( -0.24, 3.33, -0.89, -2.57, 0.00, 0.00, 0.57, 56, 1 )
03:04:11.935 -> ( -0.16, 3.09, -0.92, -1.58, 0.00, 0.00, 0.59, 53, 1 )
03:04:11.955 -> ( -0.10, 2.53, -0.89, 0.66, 0.00, 0.00, 0.59, 47, 1 )
03:04:11.979 -> ( -0.06, 2.04, -0.81, 2.92, 0.00, 0.00, 0.74, 45, 1 )
03:04:12.001 -> ( -0.02, 1.64, -0.71, 4.39, 0.00, 0.00, 0.84, 43, 1 )
03:04:12.035 -> ( 0.01, 1.31, -0.60, 4.98, 0.00, 0.00, 0.86, 40, 1 )
03:04:12.051 -> ( 0.04, 1.13, -0.45, 5.35, 0.00, 0.00, 1.02, 42, 1 )
03:04:12.080 -> ( 0.06, 1.02, -0.31, 5.57, 0.00, 0.00, 1.16, 45, 1 )
03:04:12.101 -> ( 0.09, 1.12, -0.26, 3.09, 0.00, 0.00, 0.94, 40, 1 )
03:04:12.134 -> ( 0.12, 1.25, -0.21, 2.01, 0.00, 0.00, 0.96, 42, 1 )
03:04:12.151 -> ( 0.16, 1.38, -0.18, 1.52, 0.00, 0.00, 1.03, 46, 1 )
03:04:12.177 -> ( 0.20, 1.43, -0.21, -0.20, 0.00, 0.00, 0.80, 39, 1 )
03:04:12.200 -> ( 0.23, 1.40, -0.21, -0.06, 0.00, 0.00, 0.83, 40, 1 )
03:04:12.235 -> ( 0.26, 1.26, -0.21, -0.01, 0.00, 0.00, 0.76, 36, 1 )
03:04:12.250 -> ( 0.28, 0.97, -0.16, 1.41, 0.00, 0.00, 0.85, 35, 1 )
03:04:12.279 -> ( 0.30, 0.82, -0.08, 2.68, 0.00, 0.00, 1.06, 40, 1 )
03:04:12.300 -> ( 0.32, 0.69, 0.03, 4.01, 0.00, 0.00, 1.31, 45, 1 )
03:04:12.332 -> ( 0.34, 0.76, 0.10, 3.48, 0.00, 0.00, 1.40, 48, 1 )
03:04:12.350 -> ( 0.36, 0.87, 0.16, 2.89, 0.00, 0.00, 1.46, 52, 1 )
03:04:12.378 -> ( 0.38, 0.97, 0.18, 1.80, 0.00, 0.00, 1.42, 52, 1 )
03:04:12.400 -> ( 0.41, 1.07, 0.21, 1.57, 0.00, 0.00, 1.51, 55, 1 )
03:04:12.433 -> ( 0.45, 1.30, 0.21, 0.40, 0.00, 0.00, 1.50, 58, 1 )
03:04:12.453 -> ( 0.48, 1.54, 0.16, -1.51, 0.00, 0.00, 1.34, 56, 1 )
03:04:12.479 -> ( 0.53, 1.91, 0.05, -3.89, 0.00, 0.00, 1.13, 55, 1 )
03:04:12.501 -> ( 0.59, 2.14, -0.08, -5.58, 0.00, 0.00, 0.98, 53, 1 )
03:04:12.534 -> ( 0.65, 2.23, -0.24, -6.30, 0.00, 0.00, 0.69, 46, 1 )
03:04:12.555 -> ( 0.69, 1.93, -0.31, -4.29, 0.00, 0.00, 0.72, 43, 1 )
03:04:12.578 -> ( 0.73, 1.64, -0.37, -2.73, 0.00, 0.00, 0.71, 40, 1 )
03:04:12.600 -> ( 0.76, 1.24, -0.34, 0.54, 0.00, 0.00, 0.98, 42, 1 )
03:04:12.634 -> ( 0.78, 0.94, -0.31, 1.09, 0.00, 0.00, 0.92, 37, 1 )
03:04:12.651 -> ( 0.80, 0.76, -0.24, 2.85, 0.00, 0.00, 1.17, 42, 1 )
03:04:12.678 -> ( 0.81, 0.64, -0.18, 2.49, 0.00, 0.00, 1.11, 39, 1 )
03:04:12.700 -> ( 0.83, 0.62, -0.13, 2.16, 0.00, 0.00, 1.09, 38, 1 )
03:04:12.734 -> ( 0.85, 0.65, -0.08, 1.96, 0.00, 0.00, 1.19, 41, 1 )
03:04:12.751 -> ( 0.87, 0.75, -0.05, 1.41, 0.00, 0.00, 1.22, 43, 1 )
03:04:12.779 -> ( 0.89, 0.84, -0.08, -0.11, 0.00, 0.00, 1.04, 39, 1 )
03:04:12.801 -> ( 0.91, 0.97, -0.10, -1.09, 0.00, 0.00, 0.98, 39, 1 )
03:04:12.834 -> ( 0.94, 1.10, -0.16, -2.15, 0.00, 0.00, 0.84, 37, 1 )
03:04:12.850 -> ( 0.97, 1.22, -0.24, -3.49, 0.00, 0.00, 0.64, 33, 1 )
03:04:12.879 -> ( 1.00, 1.33, -0.34, -4.58, 0.00, 0.00, 0.44, 28, 1 )
03:04:12.901 -> ( 1.05, 1.72, -0.52, -7.31, 0.00, 0.00, -0.03, 19, 1 )
03:04:12.933 -> ( 1.10, 1.83, -0.79, -9.21, 0.00, 0.00, -0.43, 9, 1 )
03:04:12.951 -> ( 1.13, 1.39, -0.97, -7.63, 0.00, 0.00, -0.70, -3, 1 )
03:04:12.978 -> ( 1.13, 0.10, -0.92, -0.32, 0.00, 0.00, -0.42, -10, 1 )
03:04:13.001 -> ( 1.10, -0.60, -0.79, 3.37, 0.00, 0.00, -0.00, -7, 1 )
03:04:13.034 -> ( 1.08, -0.92, -0.63, 5.07, 0.00, 0.00, 0.04, -9, 1 )
03:04:13.052 -> ( 1.05, -1.04, -0.52, 4.83, 0.00, 0.00, 0.04, -11, 1 )
03:04:13.080 -> ( 1.02, -1.16, -0.42, 4.30, 0.00, 0.00, -0.01, -14, 1 )
03:04:13.103 -> ( 0.99, -1.22, -0.31, 4.56, 0.00, 0.00, 0.04, -13, 1 )
03:04:13.134 -> ( 0.96, -1.17, -0.26, 2.62, 0.00, 0.00, -0.10, -16, 1 )
03:04:13.155 -> ( 0.94, -1.03, -0.24, 1.25, 0.00, 0.00, -0.19, -17, 1 )
03:04:13.178 -> ( 0.91, -1.02, -0.24, 0.35, 0.00, 0.00, -0.34, -21, 1 )
03:04:13.200 -> ( 0.88, -1.08, -0.21, 0.87, 0.00, 0.00, -0.30, -21, 1 )
03:04:13.236 -> ( 0.85, -1.15, -0.18, 1.28, 0.00, 0.00, -0.26, -21, 1 )
03:04:13.257 -> ( 0.82, -1.40, -0.16, 1.22, 0.00, 0.00, -0.42, -28, 1 )
03:04:13.280 -> ( 0.78, -1.57, -0.05, 3.71, 0.00, 0.00, -0.05, -20, 1 )
03:04:13.301 -> ( 0.74, -1.61, 0.03, 3.56, 0.00, 0.00, -0.08, -21, 1 )
03:04:13.335 -> ( 0.69, -1.76, 0.13, 4.09, 0.00, 0.00, 0.05, -19, 1 )
03:04:13.351 -> ( 0.65, -1.70, 0.24, 4.27, 0.00, 0.00, 0.22, -14, 1 )
03:04:13.378 -> ( 0.61, -1.68, 0.34, 4.62, 0.00, 0.00, 0.40, -8, 1 )
03:04:13.401 -> ( 0.57, -1.41, 0.39, 2.45, 0.00, 0.00, 0.30, -8, 1 )
03:04:13.435 -> ( 0.55, -1.11, 0.42, 1.39, 0.00, 0.00, 0.36, -2, 1 )
03:04:13.451 -> ( 0.53, -0.82, 0.39, -0.02, 0.00, 0.00, 0.30, -1, 1 )
03:04:13.478 -> ( 0.52, -0.45, 0.31, -2.77, 0.00, 0.00, 0.03, -4, 1 )
03:04:13.501 -> ( 0.52, -0.11, 0.21, -4.82, 0.00, 0.00, -0.21, -7, 1 )
03:04:13.534 -> ( 0.52, -0.06, 0.10, -3.62, 0.00, 0.00, -0.10, -3, 1 )
03:04:13.551 -> ( 0.52, -0.05, 0.00, -3.95, 0.00, 0.00, -0.28, -8, 1 )
03:04:13.578 -> ( 0.52, -0.10, -0.08, -3.57, 0.00, 0.00, -0.36, -11, 1 )
03:04:13.601 -> ( 0.51, -0.20, -0.16, -3.24, 0.00, 0.00, -0.48, -16, 1 )
03:04:13.632 -> ( 0.50, -0.56, -0.16, -0.91, 0.00, 0.00, -0.39, -17, 1 )
03:04:13.652 -> ( 0.48, -0.67, -0.13, 0.15, 0.00, 0.00, -0.29, -16, 1 )
03:04:13.679 -> ( 0.46, -0.79, -0.10, 0.67, 0.00, 0.00, -0.26, -10, 1 )
03:04:13.701 -> ( 0.44, -0.82, -0.08, 0.54, 0.00, 0.00, -0.29, -18, 1 )
03:04:13.735 -> ( 0.41, -1.00, -0.03, 1.38, 0.00, 0.00, -0.23, -18, 1 )
03:04:13.755 -> ( 0.38, -1.10, 0.05, 2.28, 0.00, 0.00, -0.08, -15, 1 )
03:04:13.778 -> ( 0.35, -1.15, 0.13, 2.70, 0.00, 0.00, 0.03, -7, 1 )
03:04:13.800 -> ( 0.32, -1.13, 0.21, 2.81, 0.00, 0.00, 0.14, -9, 1 )
03:04:13.833 -> ( 0.30, -1.06, 0.29, 3.25, 0.00, 0.00, 0.34, -3, 1 )
03:04:13.857 -> ( 0.28, -0.92, 0.34, 2.34, 0.00, 0.00, 0.35, 0, 1 )
03:04:13.879 -> ( 0.27, -0.26, 0.29, -1.37, 0.00, 0.00, 0.17, -4, 1 )
03:04:13.900 -> ( 0.28, -0.04, 0.18, -3.19, 0.00, 0.00, -0.04, -1, 1 )
03:04:13.934 -> ( 0.27, -0.14, 0.16, -1.51, 0.00, 0.00, 0.06, 0, 1 )
03:04:13.950 -> ( 0.27, -0.16, 0.13, -1.20, 0.00, 0.00, 0.06, 0, 1 )
03:04:13.979 -> ( 0.26, -0.09, 0.10, -1.11, 0.00, 0.00, 0.08, -4, 1 )
03:04:14.000 -> ( 0.26, -0.04, 0.05, -1.61, 0.00, 0.00, -0.03, -1, 1 )
03:04:14.033 -> ( 0.26, -0.03, 0.03, -1.08, 0.00, 0.00, 0.03, 0, 1 )
03:04:14.051 -> ( 0.26, -0.08, 0.00, -0.72, 0.00, 0.00, 0.01, 0, 1 )
03:04:14.079 -> ( 0.26, -0.15, -0.03, -0.66, 0.00, 0.00, -0.07, -3, 1 )
03:04:14.101 -> ( 0.25, -0.17, -0.03, -0.17, 0.00, 0.00, -0.01, -2, 1 )
03:04:14.135 -> ( 0.24, -0.24, -0.03, -0.05, 0.00, 0.00, -0.04, -4, 1 )
03:04:14.150 -> ( 0.23, -0.54, 0.03, 1.74, 0.00, 0.00, 0.08, -4, 1 )
03:04:14.178 -> ( 0.22, -0.29, 0.03, -0.36, 0.00, 0.00, -0.07, -5, 1 )
03:04:14.201 -> ( 0.22, -0.07, 0.00, -0.95, 0.00, 0.00, -0.04, -2, 1 )
03:04:14.235 -> ( 0.22, -0.15, -0.03, -0.78, 0.00, 0.00, -0.11, -4, 1 )
03:04:14.251 -> ( 0.21, -0.23, -0.03, -0.22, 0.00, 0.00, -0.08, -4, 1 )
03:04:14.277 -> ( 0.21, -0.31, 0.00, 0.71, 0.00, 0.00, 0.02, -2, 1 )
03:04:14.301 -> ( 0.19, -0.42, 0.03, 1.33, 0.00, 0.00, 0.08, -3, 1 )
03:04:14.333 -> ( 0.19, -0.23, 0.03, -0.47, 0.00, 0.00, -0.07, -4, 1 )
03:04:14.352 -> ( 0.19, -0.08, 0.00, -0.70, 0.00, 0.00, -0.03, -1, 1 )
03:04:14.380 -> ( 0.19, -0.08, -0.03, -0.65, 0.00, 0.00, -0.05, -2, 1 )
03:04:14.402 -> ( 0.19, -0.05, -0.08, -2.00, 0.00, 0.00, -0.31, -9, 1 )
03:04:14.433 -> ( 0.18, -0.05, -0.10, -1.46, 0.00, 0.00, -0.27, -8, 1 )
03:04:14.455 -> ( 0.18, -0.07, -0.13, -1.23, 0.00, 0.00, -0.28, -8, 1 )
03:04:14.479 -> ( 0.18, -0.12, -0.16, -1.09, 0.00, 0.00, -0.31, -10, 1 )
03:04:14.501 -> ( 0.17, -0.33, -0.16, -0.31, 0.00, 0.00, -0.36, -14, 1 )
03:04:14.534 -> ( 0.15, -0.56, -0.10, 1.11, 0.00, 0.00, -0.25, -13, 1 )
03:04:14.557 -> ( 0.14, -0.47, -0.08, 0.77, 0.00, 0.00, -0.21, -11, 1 )
03:04:14.579 -> ( 0.13, -0.65, -0.03, 2.22, 0.00, 0.00, -0.09, -10, 1 )
03:04:14.601 -> ( 0.11, -0.60, 0.00, 1.26, 0.00, 0.00, -0.14, -11, 1 )
03:04:14.633 -> ( 0.09, -0.69, 0.05, 2.36, 0.00, 0.00, 0.02, -7, 1 )
03:04:14.651 -> ( 0.08, -0.54, 0.05, 0.67, 0.00, 0.00, -0.15, -10, 1 )
03:04:14.678 -> ( 0.07, -0.55, 0.08, 1.25, 0.00, 0.00, -0.06, -8, 1 )
03:04:14.701 -> ( 0.05, -0.51, 0.10, 0.94, 0.00, 0.00, -0.04, -7, 1 )
03:04:14.733 -> ( 0.05, -0.37, 0.08, -0.69, 0.00, 0.00, -0.22, -10, 1 )
03:04:14.751 -> ( 0.03, -0.57, 0.13, 1.61, 0.00, 0.00, 0.05, -5, 1 )
03:04:14.778 -> ( 0.01, -0.60, 0.18, 2.03, 0.00, 0.00, 0.15, -3, 1 )
03:04:14.801 -> ( 0.00, -0.56, 0.21, 1.63, 0.00, 0.00, 0.14, -2, 1 )
03:04:14.834 -> ( -0.01, -0.48, 0.26, 1.83, 0.00, 0.00, 0.28, 2, 1 )
03:04:14.851 -> ( -0.00, 0.10, 0.16, -2.95, 0.00, 0.00, -0.18, -3, 1 )
03:04:14.879 -> ( -0.01, -0.05, 0.16, -0.69, 0.00, 0.00, 0.06, 1, 1 )
03:04:14.901 -> ( -0.00, 0.07, 0.10, -1.56, 0.00, 0.00, -0.05, 0, 1 )
03:04:14.933 -> ( -0.00, -0.01, 0.10, -0.44, 0.00, 0.00, 0.06, 1, 1 )
03:04:14.950 -> ( 0.00, 0.13, 0.05, -2.00, 0.00, 0.00, -0.14, -2, 1 )
03:04:14.976 -> ( 0.00, 0.01, 0.05, -0.51, 0.00, 0.00, -0.00, 0, 1 )
03:04:15.000 -> ( 0.00, 0.04, 0.05, -0.14, 0.00, 0.00, 0.07, 2, 1 )
03:04:15.033 -> ( 0.01, 0.14, 0.03, -0.67, 0.00, 0.00, 0.03, 2, 1 )
03:04:15.053 -> ( 0.01, 0.06, 0.00, -0.75, 0.00, 0.00, -0.06, -1, 1 )
03:04:15.079 -> ( 0.00, -0.10, 0.03, 1.74, 0.00, 0.00, 0.27, 6, 1 )
03:04:15.100 -> ( 0.01, 0.06, 0.03, 0.08, 0.00, 0.00, 0.09, 3, 1 )
03:04:15.133 -> ( 0.01, 0.05, 0.03, 0.71, 0.00, 0.00, 0.18, 5, 1 )
03:04:15.157 -> ( 0.01, 0.07, 0.00, -0.50, 0.00, 0.00, -0.02, 0, 1 )
03:04:15.180 -> ( 0.01, 0.09, 0.00, -0.62, 0.00, 0.00, -0.02, 0, 1 )
03:04:15.201 -> ( 0.02, 0.17, -0.03, -1.17, 0.00, 0.00, -0.07, 0, 1 )
03:04:15.236 -> ( 0.02, 0.03, -0.03, -0.27, 0.00, 0.00, -0.04, 0, 1 )
03:04:15.250 -> ( 0.02, 0.06, 0.00, 0.62, 0.00, 0.00, 0.15, -1, 1 )
03:04:15.279 -> ( 0.02, 0.14, -0.05, -0.98, 0.00, 0.00, -0.11, -1, 1 )
03:04:15.300 -> ( 0.02, 0.08, -0.03, 0.18, 0.00, 0.00, 0.07, 2, 1 )
03:04:15.334 -> ( 0.03, 0.03, -0.05, -0.55, 0.00, 0.00, -0.11, -2, 1 )
03:04:15.351 -> ( 0.02, -0.16, 0.00, 1.46, 0.00, 0.00, 0.11, 1, 1 )
03:04:15.380 -> ( 0.02, 0.01, -0.03, -0.19, 0.00, 0.00, -0.04, -1, 1 )
03:04:15.400 -> ( 0.02, -0.03, 0.00, 0.72, 0.00, 0.00, 0.10, 2, 1 )
03:04:15.435 -> ( 0.02, 0.02, -0.03, -0.21, 0.00, 0.00, -0.03, 0, 1 )
03:04:15.451 -> ( 0.02, 0.01, -0.03, -0.06, 0.00, 0.00, -0.02, 0, 1 )
03:04:15.478 -> ( 0.02, 0.00, -0.03, -0.01, 0.00, 0.00, -0.02, 0, 1 )
03:04:15.501 -> ( 0.02, 0.00, -0.03, -0.00, 0.00, 0.00, -0.02, 0, 1 )
03:04:15.533 -> ( 0.02, -0.07, -0.03, 0.61, 0.00, 0.00, 0.03, 0, 1 )
03:04:15.553 -> ( 0.02, -0.00, -0.05, -0.90, 0.00, 0.00, -0.18, -5, 1 )
03:04:15.578 -> ( 0.02, -0.01, -0.05, -0.95, 0.00, 0.00, -0.20, -5, 1 )
03:04:15.602 -> ( 0.02, -0.13, -0.03, 0.59, 0.00, 0.00, -0.02, -2, 1 )
03:04:15.633 -> ( 0.02, -0.11, -0.03, 0.17, 0.00, 0.00, -0.07, -3, 1 )
03:04:15.654 -> ( 0.01, -0.25, 0.00, 0.91, 0.00, 0.00, -0.04, -4, 1 )
03:04:15.679 -> ( -0.00, -0.37, 0.08, 2.56, 0.00, 0.00, 0.23, 2, 1 )
03:04:15.701 -> ( 0.00, 0.05, 0.03, -1.54, 0.00, 0.00, -0.16, -3, 1 )
03:04:15.735 -> ( -0.00, -0.19, 0.05, 0.42, 0.00, 0.00, 0.00, -2, 1 )
03:04:15.758 -> ( -0.00, 0.08, 0.05, -0.42, 0.00, 0.00, -0.16, -3, 1 )
03:04:15.778 -> ( -0.01, -0.13, 0.05, 0.38, 0.00, 0.00, 0.04, 0, 1 )
03:04:15.801 -> ( -0.00, 0.08, 0.05, 0.11, 0.00, 0.00, 0.13, 4, 1 )
03:04:15.833 -> ( 0.00, 0.10, 0.00, -0.94, 0.00, 0.00, -0.07, 0, 1 )
03:04:15.851 -> ( -0.00, -0.15, 0.05, 1.81, 0.00, 0.00, -0.02, -2, 1 )
03:04:15.877 -> ( -0.00, 0.07, 0.03, -0.19, 0.00, 0.00, 0.05, 2, 1 )
03:04:15.901 -> ( -0.00, -0.10, 0.03, 0.55, 0.00, 0.00, 0.05, 0, 1 )
03:04:15.933 -> ( -0.01, -0.07, 0.05, 0.66, 0.00, 0.00, 0.11, 2, 1 )
03:04:15.951 -> ( 0.00, 0.34, -0.03, -2.70, 0.00, 0.00, -0.17, 0, 1 )
03:04:15.978 -> ( 0.01, 0.04, -0.03, -0.13, 0.00, 0.00, -0.02, 0, 1 )
03:04:16.000 -> ( -0.00, -0.07, 0.03, 1.04, 0.00, 0.00, 0.15, 3, 1 )
03:04:16.034 -> ( 0.00, 0.06, 0.00, -0.16, 0.00, 0.00, 0.02, 1, 1 )
03:04:16.051 -> ( 0.00, -0.00, 0.00, -0.05, 0.00, 0.00, -0.01, 0, 1 )
03:04:16.078 -> ( 0.00, -0.00, 0.00, -0.01, 0.00, 0.00, -0.00, 0, 1 )
03:04:16.100 -> ( 0.00, -0.00, 0.00, -0.00, 0.00, 0.00, 0.00, 0, 1 )
03:04:16.134 -> ( 0.00, -0.00, 0.00, -0.00, 0.00, 0.00, 0.00, 0, 1 )
03:04:16.150 -> ( 0.00, -0.00, 0.00, -0.00, 0.00, 0.00, 0.00, 0, 1 )
03:04:16.178 -> ( 0.00, -0.00, 0.00, -0.00, 0.00, 0.00, 0.00, 0, 1 )
03:04:16.200 -> ( 0.00, -0.00, 0.00, -0.00, 0.00, 0.00, 0.00, 0, 1 )
03:04:16.234 -> ( 0.00, -0.00, 0.00, -0.00, 0.00, 0.00, 0.00, 0, 1 )
03:04:16.253 -> ( 0.00, -0.00, 0.00, -0.00, 0.00, 0.00, 0.00, 0, 1 )
03:04:16.279 -> ( 0.00, -0.00, 0.00, -0.00, 0.00, 0.00, 0.00, 0, 1 )
03:04:16.304 -> ( 0.00, -0.00, 0.00, -0.00, 0.00, 0.00, 0.00, 0, 1 )
03:04:16.335 -> ( 0.00, -0.00, 0.00, -0.00, 0.00, 0.00, 0.00, 0, 1 )
03:04:16.356 -> ( 0.00, -0.00, 0.00, -0.00, 0.00, 0.00, 0.00, 0, 1 )
03:04:16.381 -> ( 0.00, -0.00, 0.00, -0.00, 0.00, 0.00, 0.00, 0, 1 )
03:04:16.400 -> ( 0.00, -0.00, 0.00, -0.00, 0.00, 0.00, 0.00, 0, 1 )
03:04:16.435 -> ( 0.00, -0.00, 0.00, -0.00, 0.00, 0.00, 0.00, 0, 1 )
03:04:16.450 -> ( 0.00, -0.00, 0.00, -0.00, 0.00, 0.00, 0.00, 0, 1 )
03:04:16.478 -> ( 0.00, -0.00, 0.00, -0.00, 0.00, 0.00, 0.00, 0, 1 )
03:04:16.501 -> ( 0.00, -0.00, 0.00, -0.00, 0.00, 0.00, 0.00, 0, 1 )
03:04:16.533 -> ( 0.00, -0.00, 0.00, -0.00, 0.00, 0.00, 0.00, 0, 1 )
03:04:16.551 -> ( 0.00, -0.00, 0.00, -0.00, 0.00, 0.00, 0.00, 0, 1 )
03:04:16.579 -> ( 0.00, -0.00, 0.00, -0.00, 0.00, 0.00, 0.00, 0, 1 )
03:04:16.601 -> ( 0.00, -0.00, 0.00, -0.00, 0.00, 0.00, 0.00, 0, 1 )
03:04:16.634 -> ( 0.00, -0.00, 0.00, -0.00, 0.00, 0.00, 0.00, 0, 1 )
03:04:16.651 -> ( 0.00, -0.00, 0.00, -0.00, 0.00, 0.00, 0.00, 0, 1 )
03:04:16.680 -> ( 0.00, -0.00, 0.00, -0.00, 0.00, 0.00, 0.00, 0, 1 )
03:04:16.700 -> ( 0.00, -0.00, 0.00, -0.00, 0.00, 0.00, 0.00, 0, 1 )
03:04:16.733 -> ( 0.00, -0.00, 0.00, -0.00, 0.00, 0.00, 0.00, 0, 1 )
03:04:16.750 -> ( 0.00, -0.00, 0.00, -0.00, 0.00, 0.00, 0.00, 0, 1 )
03:04:16.778 -> ( 0.00, -0.00, 0.00, -0.00, 0.00, 0.00, 0.00, 0, 1 )
03:04:16.800 -> ( 0.00, -0.00, 0.00, -0.00, 0.00, 0.00, 0.00, 0, 1 )
03:04:16.833 -> ( 0.00, -0.00, 0.00, -0.00, 0.00, 0.00, 0.00, 0, 1 )
03:04:16.852 -> ( 0.00, -0.00, 0.00, -0.00, 0.00, 0.00, 0.00, 0, 1 )
03:04:16.878 -> ( 0.00, -0.00, 0.00, -0.00, 0.00, 0.00, 0.00, 0, 1 )
03:04:16.901 -> ( 0.00, -0.00, 0.00, -0.00, 0.00, 0.00, 0.00, 0, 1 )
03:04:16.934 -> ( 0.00, -0.00, 0.00, -0.00, 0.00, 0.00, 0.00, 0, 1 )
03:04:16.954 -> ( 0.00, -0.00, 0.00, -0.00, 0.00, 0.00, 0.00, 0, 1 )
03:04:16.978 -> ( 0.00, -0.00, 0.00, -0.00, 0.00, 0.00, 0.00, 0, 1 )
03:04:17.000 -> ( 0.00, -0.00, 0.00, -0.00, 0.00, 0.00, 0.00, 0, 1 )
03:04:17.034 -> ( 0.00, -0.00, 0.00, -0.00, 0.00, 0.00, 0.00, 0, 1 )
03:04:17.057 -> ( 0.00, -0.00, 0.00, -0.00, 0.00, 0.00, 0.00, 0, 1 )
03:04:17.079 -> ( 0.00, -0.00, 0.00, -0.00, 0.00, 0.00, 0.00, 0, 1 )
03:04:17.101 -> ( 0.00, -0.00, 0.00, -0.00, 0.00, 0.00, 0.00, 0, 1 )
03:04:17.133 -> ( 0.00, -0.00, 0.00, -0.00, 0.00, 0.00, 0.00, 0, 1 )
03:04:17.151 -> ( 0.00, -0.00, 0.00, -0.00, 0.00, 0.00, 0.00, 0, 1 )
03:04:17.178 -> ( 0.00, -0.00, 0.00, -0.00, 0.00, 0.00, 0.00, 0, 1 )
03:04:17.201 -> ( 0.00, -0.00, 0.00, -0.00, 0.00, 0.00, 0.00, 0, 1 )
03:04:17.236 -> ( 0.00, -0.00, 0.00, -0.00, 0.00, 0.00, 0.00, 0, 1 )
03:04:17.251 -> ( 0.00, -0.00, 0.00, -0.00, 0.00, 0.00, 0.00, 0, 1 )
03:04:17.279 -> ( 0.00, -0.00, 0.00, -0.00, 0.00, 0.00, 0.00, 0, 1 )
03:04:17.300 -> ( 0.00, -0.00, 0.00, -0.00, 0.00, 0.00, 0.00, 0, 1 )
03:04:17.332 -> ( 0.00, -0.00, 0.00, -0.00, 0.00, 0.00, 0.00, 0, 1 )
03:04:17.350 -> ( 0.00, -0.00, 0.00, -0.00, 0.00, 0.00, 0.00, 0, 1 )
03:04:17.379 -> ( 0.00, -0.00, 0.00, -0.00, 0.00, 0.00, 0.00, 0, 1 )
03:04:17.401 -> ( 0.00, -0.00, 0.00, -0.00, 0.00, 0.00, 0.00, 0, 1 )
03:04:17.432 -> ( 0.00, -0.00, 0.00, -0.00, 0.00, 0.00, 0.00, 0, 1 )
03:04:17.451 -> ( 0.00, -0.00, 0.00, -0.00, 0.00, 0.00, 0.00, 0, 1 )
03:04:17.478 -> ( 0.00, -0.00, 0.00, -0.00, 0.00, 0.00, 0.00, 0, 1 )
03:04:17.501 -> ( 0.00, -0.00, 0.00, -0.00, 0.00, 0.00, 0.00, 0, 1 )
03:04:17.533 -> ( 0.00, -0.00, 0.00, -0.00, 0.00, 0.00, 0.00, 0, 1 )
03:04:17.553 -> ( 0.00, -0.00, 0.00, -0.00, 0.00, 0.00, 0.00, 0, 1 )
03:04:17.580 -> ( 0.00, -0.00, 0.00, -0.00, 0.00, 0.00, 0.00, 0, 1 )
03:04:17.603 -> ( 0.00, -0.00, 0.00, -0.00, 0.00, 0.00, 0.00, 0, 1 )
03:04:17.634 -> ( 0.00, -0.00, 0.00, -0.00, 0.00, 0.00, 0.00, 0, 1 )
03:04:17.656 -> ( 0.00, -0.00, 0.00, -0.00, 0.00, 0.00, 0.00, 0, 1 )
03:04:17.679 -> ( 0.00, 0.00, 0.00, -0.00, 0.00, 0.00, 0.00, 0, 1 )
03:04:17.700 -> ( 0.00, 0.00, 0.00, -0.00, 0.00, 0.00, 0.00, 0, 1 )
03:04:17.735 -> ( 0.00, 0.00, 0.00, -0.00, 0.00, 0.00, 0.00, 0, 1 )
03:04:17.752 -> ( 0.00, 0.00, 0.00, -0.00, 0.00, 0.00, 0.00, 0, 1 )
03:04:17.778 -> ( 0.00, 0.00, 0.00, -0.00, 0.00, 0.00, 0.00, 0, 1 )
03:04:17.801 -> ( 0.00, 0.00, 0.00, -0.00, 0.00, 0.00, 0.00, 0, 1 )
03:04:17.832 -> ( 0.00, 0.00, 0.00, -0.00, 0.00, 0.00, 0.00, 0, 1 )
03:04:17.851 -> ( 0.00, 0.00, 0.00, -0.00, 0.00, 0.00, 0.00, 0, 1 )
03:04:17.879 -> ( 0.00, 0.00, 0.00, -0.00, 0.00, 0.00, 0.00, 0, 1 )
03:04:17.901 -> ( 0.00, 0.00, 0.00, -0.00, 0.00, 0.00, 0.00, 0, 1 )
03:04:17.933 -> ( 0.00, 0.00, 0.00, -0.00, 0.00, 0.00, 0.00, 0, 1 )
03:04:17.951 -> ( 0.00, 0.00, 0.00, -0.00, 0.00, 0.00, 0.00, 0, 1 )
03:04:17.980 -> ( 0.00, 0.00, 0.00, 0.00, 0.00, 0.00, 0.00, 0, 1 )
03:04:18.000 -> ( 0.00, 0.00, 0.00, 0.00, 0.00, 0.00, 0.00, 0, 1 )
03:04:18.035 -> ( 0.00, 0.00, 0.00, 0.00, 0.00, 0.00, 0.00, 0, 1 )
03:04:18.050 -> ( 0.00, 0.00, 0.00, 0.00, 0.00, 0.00, 0.00, 0, 1 )
03:04:18.079 -> ( 0.00, 0.00, 0.00, 0.00, 0.00, 0.00, 0.00, 0, 1 )
03:04:18.100 -> ( 0.00, 0.00, 0.00, 0.00, 0.00, 0.00, 0.00, 0, 1 )
03:04:18.133 -> ( 0.00, 0.00, 0.00, 0.00, 0.00, 0.00, 0.00, 0, 1 )
03:04:18.153 -> ( 0.00, 0.00, 0.00, 0.00, 0.00, 0.00, 0.00, 0, 1 )
03:04:18.180 -> ( 0.00, 0.00, 0.00, 0.00, 0.00, 0.00, 0.00, 0, 1 )
03:04:18.203 -> ( 0.00, 0.00, 0.00, 0.00, 0.00, 0.00, 0.00, 0, 1 )
03:04:18.234 -> ( 0.00, 0.00, 0.00, 0.00, 0.00, 0.00, 0.00, 0, 1 )
03:04:18.254 -> ( 0.00, 0.00, 0.00, 0.00, 0.00, 0.00, 0.00, 0, 1 )
03:04:18.278 -> ( 0.00, 0.00, 0.00, 0.00, 0.00, 0.00, 0.00, 0, 1 )
03:04:18.300 -> ( 0.00, 0.00, 0.00, 0.00, 0.00, 0.00, 0.00, 0, 1 )
03:04:18.333 -> ( 0.00, 0.00, 0.00, 0.00, 0.00, 0.00, 0.00, 0, 1 )
03:04:18.350 -> ( 0.00, 0.00, 0.00, 0.00, 0.00, 0.00, 0.00, 0, 1 )
03:04:18.378 -> ( 0.00, 0.00, 0.00, 0.00, 0.00, 0.00, 0.00, 0, 1 )
03:04:18.400 -> ( 0.00, 0.00, 0.00, 0.00, 0.00, 0.00, 0.00, 0, 1 )
03:04:18.432 -> ( 0.00, 0.00, 0.00, 0.00, 0.00, 0.00, 0.00, 0, 1 )
03:04:18.451 -> ( 0.00, 0.00, 0.00, 0.00, 0.00, 0.00, 0.00, 0, 1 )
03:04:18.479 -> ( 0.00, 0.00, 0.00, 0.00, 0.00, 0.00, 0.00, 0, 1 )
03:04:18.501 -> ( 0.00, 0.00, 0.00, 0.00, 0.00, 0.00, 0.00, 0, 1 )
03:04:18.535 -> ( 0.00, 0.00, 0.00, 0.00, 0.00, 0.00, 0.00, 0, 1 )
03:04:18.550 -> ( 0.00, 0.00, 0.00, 0.00, 0.00, 0.00, 0.00, 0, 1 )
03:04:18.579 -> ( 0.00, 0.00, 0.00, 0.00, 0.00, 0.00, 0.00, 0, 1 )
03:04:18.600 -> ( 0.00, 0.00, 0.00, 0.00, 0.00, 0.00, 0.00, 0, 1 )
03:04:18.633 -> ( 0.00, 0.00, 0.00, 0.00, 0.00, 0.00, 0.00, 0, 1 )
03:04:18.650 -> ( 0.00, 0.00, 0.00, 0.00, 0.00, 0.00, 0.00, 0, 1 )
03:04:18.677 -> ( 0.00, 0.00, 0.00, 0.00, 0.00, 0.00, 0.00, 0, 1 )
03:04:18.700 -> ( 0.00, 0.00, 0.00, 0.00, 0.00, 0.00, 0.00, 0, 1 )
03:04:18.734 -> ( 0.00, 0.00, 0.00, 0.00, 0.00, 0.00, 0.00, 0, 1 )
03:04:18.753 -> ( 0.00, 0.00, 0.00, 0.00, 0.00, 0.00, 0.00, 0, 1 )
03:04:18.779 -> ( 0.00, 0.00, 0.00, 0.00, 0.00, 0.00, 0.00, 0, 1 )
03:04:18.802 -> ( 0.00, 0.00, 0.00, 0.00, 0.00, 0.00, 0.00, 0, 1 )
03:04:18.833 -> ( 0.00, 0.00, 0.00, 0.00, 0.00, 0.00, 0.00, 0, 1 )
03:04:18.855 -> ( 0.00, 0.00, 0.00, 0.00, 0.00, 0.00, 0.00, 0, 1 )
03:04:18.878 -> ( 0.00, 0.00, 0.00, 0.00, 0.00, 0.00, 0.00, 0, 1 )
03:04:18.900 -> ( 0.00, 0.00, 0.00, 0.00, 0.00, 0.00, 0.00, 0, 1 )
03:04:18.933 -> ( 0.00, 0.00, 0.00, 0.00, 0.00, 0.00, 0.00, 0, 1 )
03:04:18.956 -> ( 0.00, 0.00, 0.00, 0.00, 0.00, 0.00, 0.00, 0, 1 )
03:04:18.979 -> ( 0.00, 0.00, 0.00, 0.00, 0.00, 0.00, 0.00, 0, 1 )
03:04:19.001 -> ( 0.00, 0.00, 0.00, 0.00, 0.00, 0.00, 0.00, 0, 1 )
03:04:19.034 -> ( 0.00, 0.00, 0.00, 0.00, 0.00, 0.00, 0.00, 0, 1 )
03:04:19.051 -> ( 0.00, 0.00, 0.00, 0.00, 0.00, 0.00, 0.00, 0, 1 )
03:04:19.078 -> ( 0.00, 0.00, 0.00, 0.00, 0.00, 0.00, 0.00, 0, 1 )
03:04:19.101 -> ( 0.00, 0.00, 0.00, 0.00, 0.00, 0.00, 0.00, 0, 1 )
03:04:19.134 -> ( 0.00, 0.00, 0.00, 0.00, 0.00, 0.00, 0.00, 0, 1 )
03:04:19.150 -> ( 0.00, 0.00, 0.00, 0.00, 0.00, 0.00, 0.00, 0, 1 )
03:04:19.179 -> ( 0.00, 0.00, 0.00, 0.00, 0.00, 0.00, 0.00, 0, 1 )
03:04:19.200 -> ( 0.00, 0.00, 0.00, 0.00, 0.00, 0.00, 0.00, 0, 1 )
03:04:19.234 -> ( 0.00, 0.00, 0.00, 0.00, 0.00, 0.00, 0.00, 0, 1 )
03:04:19.251 -> ( 0.00, 0.00, 0.00, 0.00, 0.00, 0.00, 0.00, 0, 1 )
03:04:19.279 -> ( 0.00, 0.00, 0.00, 0.00, 0.00, 0.00, 0.00, 0, 1 )
03:04:19.301 -> ( 0.00, 0.00, 0.00, 0.00, 0.00, 0.00, 0.00, 0, 1 )
03:04:19.333 -> ( 0.00, 0.00, 0.00, 0.00, 0.00, 0.00, 0.00, 0, 1 )
03:04:19.351 -> ( 0.00, 0.00, 0.00, 0.00, 0.00, 0.00, 0.00, 0, 1 )
03:04:19.379 -> ( 0.00, 0.00, 0.00, 0.00, 0.00, 0.00, 0.00, 0, 1 )
03:04:19.400 -> ( 0.00, 0.00, 0.00, 0.00, 0.00, 0.00, 0.00, 0, 1 )
03:04:19.433 -> ( 0.00, 0.00, 0.00, 0.00, 0.00, 0.00, 0.00, 0, 1 )
03:04:19.452 -> ( 0.00, 0.00, 0.00, 0.00, 0.00, 0.00, 0.00, 0, 1 )
03:04:19.479 -> ( 0.00, 0.00, 0.00, 0.00, 0.00, 0.00, 0.00, 0, 1 )
03:04:19.500 -> ( 0.00, 0.00, 0.00, 0.00, 0.00, 0.00, 0.00, 0, 1 )
03:04:19.533 -> ( 0.00, 0.00, 0.00, 0.00, 0.00, 0.00, 0.00, 0, 1 )
03:04:19.556 -> ( 0.00, 0.00, 0.00, 0.00, 0.00, 0.00, 0.00, 0, 1 )
03:04:19.579 -> ( 0.00, 0.00, 0.00, 0.00, 0.00, 0.00, 0.00, 0, 1 )
03:04:19.600 -> ( 0.00, 0.00, 0.00, 0.00, 0.00, 0.00, 0.00, 0, 1 )
03:04:19.635 -> ( 0.00, 0.00, 0.00, 0.00, 0.00, 0.00, 0.00, 0, 1 )
03:04:19.650 -> ( 0.00, 0.00, 0.00, 0.00, 0.00, 0.00, 0.00, 0, 1 )
03:04:19.678 -> ( 0.00, 0.00, 0.00, 0.00, 0.00, 0.00, 0.00, 0, 1 )
03:04:19.700 -> ( 0.00, 0.00, 0.00, 0.00, 0.00, 0.00, 0.00, 0, 1 )
03:04:19.735 -> ( 0.00, -0.00, 0.00, 0.00, 0.00, 0.00, -0.00, 0, 1 )
03:04:19.751 -> ( 0.00, -0.00, 0.00, 0.00, 0.00, 0.00, 0.00, 0, 1 )
03:04:19.780 -> ( 0.00, -0.00, 0.00, 0.00, 0.00, 0.00, 0.00, 0, 1 )
03:04:19.801 -> ( 0.00, -0.00, 0.00, 0.00, 0.00, 0.00, 0.00, 0, 1 )
03:04:19.833 -> ( 0.00, -0.00, 0.00, 0.00, 0.00, 0.00, 0.00, 0, 1 )
03:04:19.850 -> ( 0.00, -0.00, 0.00, 0.00, 0.00, 0.00, 0.00, 0, 1 )
03:04:19.878 -> ( 0.00, -0.00, 0.00, 0.00, 0.00, 0.00, 0.00, 0, 1 )
03:04:19.901 -> ( 0.00, -0.00, 0.00, 0.00, 0.00, 0.00, 0.00, 0, 1 )
03:04:19.934 -> ( 0.00, -0.00, 0.00, 0.00, 0.00, 0.00, 0.00, 0, 1 )
03:04:19.951 -> ( 0.00, -0.00, 0.00, 0.00, 0.00, 0.00, 0.00, 0, 1 )
03:04:19.978 -> ( 0.00, -0.00, 0.00, 0.00, 0.00, 0.00, 0.00, 0, 1 )
03:04:20.001 -> ( 0.00, -0.00, 0.00, 0.00, 0.00, 0.00, 0.00, 0, 1 )
03:04:20.033 -> ( 0.00, -0.00, 0.00, 0.00, 0.00, 0.00, 0.00, 0, 1 )
03:04:20.052 -> ( 0.00, -0.00, 0.00, 0.00, 0.00, 0.00, 0.00, 0, 1 )
03:04:20.078 -> ( 0.00, -0.00, 0.00, 0.00, 0.00, 0.00, 0.00, 0, 1 )
03:04:20.101 -> ( 0.00, -0.00, 0.00, 0.00, 0.00, 0.00, 0.00, 0, 1 )
03:04:20.133 -> ( 0.00, -0.00, 0.00, 0.00, 0.00, 0.00, 0.00, 0, 1 )
03:04:20.154 -> ( 0.00, -0.00, 0.00, 0.00, 0.00, 0.00, 0.00, 0, 1 )
03:04:20.178 -> ( 0.00, -0.00, 0.00, 0.00, 0.00, 0.00, 0.00, 0, 1 )
03:04:20.200 -> ( 0.00, -0.00, 0.00, 0.00, 0.00, 0.00, 0.00, 0, 1 )
03:04:20.234 -> ( 0.00, -0.00, 0.00, 0.00, 0.00, 0.00, 0.00, 0, 1 )
03:04:20.257 -> ( 0.00, -0.00, 0.00, 0.00, 0.00, 0.00, 0.00, 0, 1 )
03:04:20.278 -> ( 0.00, -0.00, 0.00, 0.00, 0.00, 0.00, 0.00, 0, 1 )
03:04:20.301 -> ( 0.00, -0.00, 0.00, 0.00, 0.00, 0.00, 0.00, 0, 1 )
03:04:20.334 -> ( 0.00, -0.00, 0.00, 0.00, 0.00, 0.00, 0.00, 0, 1 )
03:04:20.350 -> ( 0.00, -0.00, 0.00, 0.00, 0.00, 0.00, 0.00, 0, 1 )
03:04:20.378 -> ( 0.00, -0.00, 0.00, 0.00, 0.00, 0.00, 0.00, 0, 1 )
03:04:20.401 -> ( 0.00, -0.00, 0.00, 0.00, 0.00, 0.00, 0.00, 0, 1 )
03:04:20.433 -> ( 0.00, -0.00, 0.00, 0.00, 0.00, 0.00, 0.00, 0, 1 )
03:04:20.450 -> ( 0.00, -0.00, 0.00, 0.00, 0.00, 0.00, 0.00, 0, 1 )
