00:48:37.496 -> ¥ÇBbä( 0.01, 0.00, 3.14, 0.00, 0.00, 0.00, 31.11, 886, 0 )
00:48:37.542 -> ( 0.01, 0.00, 3.14, 0.00, 0.00, 0.00, 31.11, 886, 0 )
00:48:37.570 -> ( 0.01, 0.00, 3.14, 0.00, 0.00, 0.00, 31.11, 886, 0 )
00:48:37.589 -> ( 0.01, 0.00, 3.14, 0.00, 0.00, 0.00, 31.11, 886, 0 )
00:48:37.613 -> ( 0.01, 0.00, 3.14, 0.00, 0.00, 0.00, 31.11, 886, 0 )
00:48:37.716 -> ( 0.01, 0.00, 3.14, 0.00, 0.00, 0.00, 31.11, 886, 0 )
00:48:37.716 -> ( 0.01, 0.00, 3.14, 0.00, 0.00, 0.00, 31.11, 886, 0 )
00:48:37.716 -> ( 0.01, 0.00, 3.14, 0.00, 0.00, 0.00, 31.11, 886, 0 )
00:48:37.716 -> ( 0.01, 0.00, 3.14, 0.00, 0.00, 0.00, 31.11, 886, 0 )
00:48:37.775 -> ( 0.01, 0.00, 3.14, 0.00, 0.00, 0.00, 31.11, 886, 0 )
00:48:37.775 -> ( 0.01, 0.00, 3.14, 0.00, 0.00, 0.00, 31.11, 886, 0 )
00:48:37.825 -> ( 0.01, 0.00, 3.14, 0.00, 0.00, 0.00, 31.11, 886, 0 )
00:48:37.825 -> ( 0.01, 0.00, 3.14, 0.00, 0.00, 0.00, 31.11, 886, 0 )
00:48:37.842 -> ( 0.01, 0.00, 3.14, 0.00, 0.00, 0.00, 31.11, 886, 0 )
00:48:37.864 -> ( 0.01, 0.00, 3.14, 0.00, 0.00, 0.00, 31.11, 886, 0 )
00:48:37.890 -> ( 0.01, 0.00, 3.14, 0.00, 0.00, 0.00, 31.11, 886, 0 )
00:48:37.913 -> ( 0.01, 0.00, 3.14, 0.00, 0.00, 0.00, 31.11, 886, 0 )
00:48:37.941 -> ( 0.01, 0.00, 3.14, 0.00, 0.00, 0.00, 31.11, 886, 0 )
00:48:37.963 -> ( 0.01, 0.00, 3.14, 0.00, 0.00, 0.00, 31.11, 886, 0 )
00:48:37.990 -> ( 0.01, 0.00, 3.14, 0.00, 0.00, 0.00, 31.11, 886, 0 )
00:48:38.013 -> ( 0.01, 0.00, 3.14, 0.00, 0.00, 0.00, 31.11, 886, 0 )
00:48:38.042 -> ( 0.01, 0.00, 3.14, 0.00, 0.00, 0.00, 31.11, 886, 0 )
00:48:38.063 -> ( 0.01, 0.00, 3.14, 0.00, 0.00, 0.00, 31.11, 886, 0 )
00:48:38.098 -> ( 0.01, 0.00, 3.14, 0.00, 0.00, 0.00, 31.11, 886, 0 )
00:48:38.112 -> ( 0.01, 0.00, 3.14, 0.00, 0.00, 0.00, 31.11, 886, 0 )
00:48:38.137 -> ( 0.01, 0.00, 3.14, 0.00, 0.00, 0.00, 31.11, 886, 0 )
00:48:38.170 -> ( 0.01, 0.00, 3.14, 0.00, 0.00, 0.00, 31.11, 886, 0 )
00:48:38.188 -> ( 0.01, 0.00, 3.14, 0.00, 0.00, 0.00, 31.11, 886, 0 )
00:48:38.220 -> ( 0.01, 0.00, 3.14, 0.00, 0.00, 0.00, 31.11, 886, 0 )
00:48:38.239 -> ( 0.01, 0.00, 3.14, 0.00, 0.00, 0.00, 31.11, 886, 0 )
00:48:38.270 -> ( 0.01, 0.00, 3.14, 0.00, 0.00, 0.00, 31.11, 886, 0 )
00:48:38.288 -> ( 0.01, 0.00, 3.14, 0.00, 0.00, 0.00, 31.11, 886, 0 )
00:48:38.320 -> ( 0.01, 0.00, 3.14, 0.00, 0.00, 0.00, 31.11, 886, 0 )
00:48:38.337 -> ( 0.01, 0.00, 3.14, 0.00, 0.00, 0.00, 31.11, 886, 0 )
00:48:38.370 -> ( 0.01, 0.00, 3.14, 0.00, 0.00, 0.00, 31.11, 886, 0 )
00:48:38.387 -> ( 0.01, 0.00, 3.14, 0.00, 0.00, 0.00, 31.11, 886, 0 )
00:48:38.420 -> ( 0.01, 0.00, 3.14, 0.00, 0.00, 0.00, 31.11, 886, 0 )
00:48:38.437 -> ( 0.01, 0.00, 3.14, 0.00, 0.00, 0.00, 31.11, 886, 0 )
00:48:38.472 -> ( 0.01, 0.00, 3.14, 0.00, 0.00, 0.00, 31.11, 886, 0 )
00:48:38.487 -> ( 0.01, 0.00, 3.14, 0.00, 0.00, 0.00, 31.11, 886, 0 )
00:48:38.512 -> ( 0.01, 0.00, 3.14, 0.00, 0.00, 0.00, 31.11, 886, 0 )
00:48:38.537 -> ( 0.01, 0.00, 3.14, 0.00, 0.00, 0.00, 31.11, 886, 0 )
00:48:38.562 -> ( 0.01, 0.00, 3.14, 0.00, 0.00, 0.00, 31.11, 886, 0 )
00:48:38.587 -> ( 0.01, 0.00, 3.14, 0.00, 0.00, 0.00, 31.11, 886, 0 )
00:48:38.612 -> ( 0.01, 0.00, 3.14, 0.00, 0.00, 0.00, 31.11, 886, 0 )
00:48:38.637 -> ( 0.01, 0.00, 3.14, 0.00, 0.00, 0.00, 31.11, 886, 0 )
00:48:38.662 -> ( 0.01, 0.00, 3.14, 0.00, 0.00, 0.00, 31.11, 886, 0 )
00:48:38.687 -> ( 0.01, 0.00, 3.14, 0.00, 0.00, 0.00, 31.11, 886, 0 )
00:48:38.712 -> ( 0.01, 0.00, 3.14, 0.00, 0.00, 0.00, 31.11, 886, 0 )
00:48:38.737 -> ( 0.01, 0.00, 3.14, 0.00, 0.00, 0.00, 31.11, 886, 0 )
00:48:38.763 -> ( 0.01, 0.00, 3.14, 0.00, 0.00, 0.00, 31.11, 886, 0 )
00:48:38.787 -> ( 0.01, 0.00, 3.14, 0.00, 0.00, 0.00, 31.11, 886, 0 )
00:48:38.812 -> ( 0.01, 0.00, 3.14, 0.00, 0.00, 0.00, 31.11, 886, 0 )
00:48:38.838 -> ( 0.01, 0.00, 3.14, 0.00, 0.00, 0.00, 31.11, 886, 0 )
00:48:38.863 -> ( 0.01, 0.00, 3.14, 0.00, 0.00, 0.00, 31.11, 886, 0 )
00:48:38.888 -> ( 0.01, 0.00, 3.14, 0.00, 0.00, 0.00, 31.11, 886, 0 )
00:48:38.913 -> ( 0.01, 0.00, 3.14, 0.00, 0.00, 0.00, 31.11, 886, 0 )
00:48:38.944 -> ( 0.01, 0.00, 3.14, 0.00, 0.00, 0.00, 31.11, 886, 0 )
00:48:38.963 -> ( 0.01, 0.00, 3.14, 0.00, 0.00, 0.00, 31.11, 886, 0 )
00:48:38.993 -> ( 0.01, 0.00, 3.14, 0.00, 0.00, 0.00, 31.11, 886, 0 )
00:48:39.013 -> ( 0.01, 0.00, 3.14, 0.00, 0.00, 0.00, 31.11, 886, 0 )
00:48:39.045 -> ( 0.01, 0.00, 3.14, 0.00, 0.00, 0.00, 31.11, 886, 0 )
00:48:39.063 -> ( 0.01, 0.00, 3.14, 0.00, 0.00, 0.00, 31.11, 886, 0 )
00:48:39.087 -> ( 0.01, 0.00, 3.14, 0.00, 0.00, 0.00, 31.11, 886, 0 )
00:48:39.113 -> ( 0.01, 0.00, 3.14, 0.00, 0.00, 0.00, 31.11, 886, 0 )
00:48:39.138 -> ( 0.01, 0.00, 3.14, 0.00, 0.00, 0.00, 31.11, 886, 0 )
00:48:39.163 -> ( 0.01, 0.00, 3.14, 0.00, 0.00, 0.00, 31.11, 886, 0 )
00:48:39.188 -> ( 0.01, 0.00, 3.14, 0.00, 0.00, 0.00, 31.11, 886, 0 )
00:48:39.213 -> ( 0.01, 0.00, 3.14, 0.00, 0.00, 0.00, 31.11, 886, 0 )
00:48:39.238 -> ( 0.01, 0.00, 3.14, 0.00, 0.00, 0.00, 31.11, 886, 0 )
00:48:39.263 -> ( 0.01, 0.00, 3.14, 0.00, 0.00, 0.00, 31.11, 886, 0 )
00:48:39.288 -> ( 0.01, 0.00, 3.14, 0.00, 0.00, 0.00, 31.11, 886, 0 )
00:48:39.313 -> ( 0.01, 0.00, 3.14, 0.00, 0.00, 0.00, 31.11, 886, 0 )
00:48:39.338 -> ( 0.01, 0.00, 3.14, 0.00, 0.00, 0.00, 31.11, 886, 0 )
00:48:39.362 -> ( 0.01, 0.00, 3.14, 0.00, 0.00, 0.00, 31.11, 886, 0 )
00:48:39.387 -> ( 0.01, 0.00, 3.14, 0.00, 0.00, 0.00, 31.11, 886, 0 )
00:48:39.413 -> ( 0.01, 0.00, 3.14, 0.00, 0.00, 0.00, 31.11, 886, 0 )
00:48:39.438 -> ( 0.01, 0.00, 3.14, 0.00, 0.00, 0.00, 31.11, 886, 0 )
00:48:39.463 -> ( 0.01, 0.00, 3.14, 0.00, 0.00, 0.00, 31.11, 886, 0 )
00:48:39.488 -> ( 0.01, 0.00, 3.14, 0.00, 0.00, 0.00, 31.11, 886, 0 )
00:48:39.513 -> ( 0.01, 0.00, 3.14, 0.00, 0.00, 0.00, 31.11, 886, 0 )
00:48:39.538 -> ( 0.01, 0.00, 3.14, 0.00, 0.00, 0.00, 31.11, 886, 0 )
00:48:39.563 -> ( 0.01, 0.00, 3.14, 0.00, 0.00, 0.00, 31.11, 886, 0 )
00:48:39.590 -> ( 0.01, 0.00, 3.14, 0.00, 0.00, 0.00, 31.11, 886, 0 )
00:48:39.613 -> ( 0.01, 0.00, 3.14, 0.00, 0.00, 0.00, 31.11, 886, 0 )
00:48:39.645 -> ( 0.01, 0.00, 3.14, 0.00, 0.00, 0.00, 31.11, 886, 0 )
00:48:39.662 -> ( 0.01, 0.00, 3.14, 0.00, 0.00, 0.00, 31.11, 886, 0 )
00:48:39.693 -> ( 0.01, 0.00, 3.14, 0.00, 0.00, 0.00, 31.11, 886, 0 )
00:48:39.713 -> ( 0.01, 0.00, 3.14, 0.00, 0.00, 0.00, 31.11, 886, 0 )
00:48:39.744 -> ( 0.01, 0.00, 3.14, 0.00, 0.00, 0.00, 31.11, 886, 0 )
00:48:39.763 -> ( 0.01, 0.00, 3.14, 0.00, 0.00, 0.00, 31.11, 886, 0 )
00:48:39.788 -> ( 0.01, 0.00, 3.14, 0.00, 0.00, 0.00, 31.11, 886, 0 )
00:48:39.813 -> ( 0.01, 0.00, 3.14, 0.00, 0.00, 0.00, 31.11, 886, 0 )
00:48:39.838 -> ( 0.01, 0.00, 3.14, 0.00, 0.00, 0.00, 31.11, 886, 0 )
00:48:39.863 -> ( 0.01, 0.00, 3.14, 0.00, 0.00, 0.00, 31.11, 886, 0 )
00:48:39.888 -> ( 0.01, 0.00, 3.14, 0.00, 0.00, 0.00, 31.11, 886, 0 )
00:48:39.913 -> ( 0.01, 0.00, 3.14, 0.00, 0.00, 0.00, 31.11, 886, 0 )
00:48:39.938 -> ( 0.01, 0.00, 3.14, 0.00, 0.00, 0.00, 31.11, 886, 0 )
00:48:39.963 -> ( 0.01, 0.00, 3.14, 0.00, 0.00, 0.00, 31.11, 886, 0 )
00:48:39.987 -> ( 0.01, 0.00, 3.14, 0.00, 0.00, 0.00, 31.11, 886, 0 )
00:48:40.013 -> ( 0.01, 0.00, -3.14, 0.12, 0.00, 0.00, -30.87, -879, 0 )
00:48:40.038 -> ( 0.01, -0.00, -3.11, 0.99, 0.00, 0.00, -29.55, -842, 0 )
00:48:40.063 -> ( 0.01, 0.00, -3.05, 2.07, 0.00, 0.00, -27.41, -781, 0 )
00:48:40.088 -> ( 0.01, -0.00, -2.96, 3.32, 0.00, 0.00, -25.31, -721, 0 )
00:48:40.113 -> ( 0.01, -0.00, -2.86, 4.02, 0.00, 0.00, -23.47, -668, 0 )
00:48:40.142 -> ( 0.01, -0.00, -2.75, 4.49, 0.00, 0.00, -21.87, -617, 0 )
00:48:40.163 -> ( 0.01, -0.00, -2.63, 4.53, 0.00, 0.00, -20.45, -582, 0 )
00:48:40.191 -> ( 0.01, -0.00, -2.49, 5.06, 0.00, 0.00, -18.67, -532, 0 )
00:48:40.213 -> ( 0.01, -0.00, -2.37, 5.18, 0.00, 0.00, -17.28, -492, 0 )
00:48:40.238 -> ( 0.01, -0.00, -2.26, 4.90, 0.00, 0.00, -16.45, -468, 0 )
00:48:40.263 -> ( 0.01, -0.00, -2.17, 3.70, 0.00, 0.00, -17.13, -488, 0 )
00:48:40.288 -> ( 0.01, -0.00, -2.12, 2.43, 0.00, 0.00, -18.02, -513, 0 )
00:48:40.313 -> ( 0.01, -0.00, -2.07, 2.02, 0.00, 0.00, -18.05, -514, 0 )
00:48:40.338 -> ( 0.01, -0.00, -2.02, 2.18, 0.00, 0.00, -17.32, -493, 0 )
00:48:40.363 -> ( 0.01, -0.00, -1.96, 2.27, 0.00, 0.00, -16.76, -477, 0 )
00:48:40.388 -> ( 0.01, -0.00, -1.92, 1.83, 0.00, 0.00, -16.75, -477, 0 )
00:48:40.413 -> ( 0.01, -0.00, -1.88, 1.58, 0.00, 0.00, -16.68, -475, 0 )
00:48:40.438 -> ( 0.01, -0.00, -1.85, 1.39, 0.00, 0.00, -16.60, -473, 0 )
00:48:40.463 -> ( 0.01, -0.00, -1.82, 1.25, 0.00, 0.00, -16.47, -469, 0 )
00:48:40.488 -> ( 0.01, -0.00, -1.79, 1.19, 0.00, 0.00, -16.24, -462, 0 )
00:48:40.513 -> ( 0.01, -0.00, -1.76, 1.27, 0.00, 0.00, -15.83, -451, 0 )
00:48:40.538 -> ( 0.01, -0.00, -1.72, 1.38, 0.00, 0.00, -15.36, -437, 0 )
00:48:40.563 -> ( 0.01, 0.00, -1.69, 1.33, 0.00, 0.00, -15.12, -430, 0 )
00:48:40.588 -> ( 0.01, 0.00, -1.65, 1.46, 0.00, 0.00, -14.60, -416, 0 )
00:48:40.613 -> ( 0.01, 0.00, -1.62, 1.46, 0.00, 0.00, -14.21, -405, 0 )
00:48:40.638 -> ( 0.01, 0.00, -1.59, 1.27, 0.00, 0.00, -14.15, -403, 0 )
00:48:40.663 -> ( 0.01, 0.00, -1.57, 0.99, 0.00, 0.00, -14.40, -410, 0 )
00:48:40.688 -> ( 0.01, 0.00, -1.56, 0.51, 0.00, 0.00, -14.73, -419, 0 )
00:48:40.713 -> ( 0.01, 0.00, -1.55, 0.26, 0.00, 0.00, -14.99, -427, 0 )
00:48:40.742 -> ( 0.01, 0.00, -1.56, -0.11, 0.00, 0.00, -15.47, -440, 0 )
00:48:40.763 -> ( 0.01, 0.00, -1.57, -0.42, 0.00, 0.00, -15.96, -454, 0 )
00:48:40.791 -> ( 0.01, 0.00, -1.59, -0.72, 0.00, 0.00, -16.52, -470, 0 )
00:48:40.813 -> ( 0.01, 0.00, -1.61, -0.90, 0.00, 0.00, -16.97, -483, 0 )
00:48:40.843 -> ( 0.01, 0.00, -1.62, -0.29, 0.00, 0.00, -16.31, -464, 0 )
00:48:40.863 -> ( 0.01, 0.00, -1.50, 4.54, 0.00, 0.00, -9.26, -263, 0 )
00:48:40.892 -> ( 0.01, -0.00, -1.15, 11.67, 0.00, 0.00, 2.45, 69, 0 )
00:48:40.913 -> ( 0.01, 0.00, -0.80, 13.50, 0.00, 0.00, 8.05, 229, 0 )
00:48:40.944 -> ( 0.01, 0.00, -0.47, 13.69, 0.00, 0.00, 11.51, 327, 0 )
00:48:40.944 -> 79345+
00:48:40.944 -> 79350+
00:48:40.948 -> 79355+
00:48:40.953 -> 79360+
00:48:40.962 -> 79365+
00:48:40.962 -> ( 0.01, 0.06, -0.16, 12.25, 0.00, 0.00, 13.07, 380, 1 )
00:48:40.963 -> 
00:48:40.963 -> 79370+
00:48:40.975 -> 79375+
00:48:40.975 -> 79380+
00:48:40.978 -> 79385+
00:48:40.987 -> ( 0.02, 0.31, 0.07, 10.28, 0.00, 0.00, 13.77, 429, 1 )
00:48:40.987 -> 79390+
00:48:40.988 -> 79395+
00:48:40.993 -> 79400+
00:48:40.998 -> 79405+
00:48:41.003 -> 79410+
00:48:41.012 -> ( 0.04, 0.63, 0.24, 7.92, 0.00, 0.00, 13.64, 463, 1 )
00:48:41.012 -> 79415+
00:48:41.012 -> 79420+
00:48:41.029 -> 79425+
00:48:41.029 -> 79430+
00:48:41.029 -> 79435+
00:48:41.038 -> 79440+
00:48:41.038 -> ( 0.06, 0.92, 0.37, 6.05, 0.00, 0.00, 13.58, 496, 1 )
00:48:41.063 -> ( 0.09, 0.95, 0.48, 4.96, 0.00, 0.00, 13.54, 499, 0 )
00:48:41.088 -> ( 0.10, 0.66, 0.74, 8.92, 0.00, 0.00, 20.04, 650, 0 )
00:48:41.113 -> ( 0.11, 0.37, 1.02, 11.10, 0.00, 0.00, 24.61, 745, 0 )
00:48:41.138 -> ( 0.12, 0.20, 1.36, 13.73, 0.00, 0.00, 30.63, 896, 0 )
00:48:41.163 -> ( 0.12, 0.07, 1.74, 15.23, 0.00, 0.00, 36.07, 1036, 0 )
00:48:41.188 -> ( 0.12, 0.02, 2.20, 17.46, 0.00, 0.00, 42.82, 1222, 0 )
00:48:41.213 -> ( 0.12, 0.01, 2.64, 18.27, 0.00, 0.00, 48.16, 1373, 0 )
00:48:41.238 -> ( 0.12, -0.00, 3.01, 19.51, 0.00, 0.00, 52.30, 1490, 0 )
00:48:41.263 -> ( 0.13, 0.36, -2.64, 21.81, 0.00, 0.00, 1.53, 86, 0 )
00:48:41.287 -> ( 0.14, 0.44, -2.05, 22.25, 0.00, 0.00, 7.69, 271, 0 )
00:48:41.313 -> ( 0.14, 0.25, -1.58, 20.26, 0.00, 0.00, 9.50, 300, 0 )
00:48:41.341 -> ( 0.14, 0.09, -1.15, 18.71, 0.00, 0.00, 11.51, 338, 0 )
00:48:41.363 -> ( 0.14, 0.00, -0.79, 16.80, 0.00, 0.00, 12.51, 356, 0 )
00:48:41.389 -> 79790+
00:48:41.389 -> ( 0.14, -0.00, -0.37, 15.62, 0.00, 0.00, 15.33, 436, 1 )
00:48:41.394 -> 79795+
00:48:41.394 -> 79800+
00:48:41.398 -> 79805+
00:48:41.403 -> 79810+
00:48:41.412 -> ( 0.15, 0.23, -0.05, 13.34, 0.00, 0.00, 16.37, 493, 1 )
00:48:41.412 -> 79815+
00:48:41.413 -> 
00:48:41.413 -> 79820+
00:48:41.430 -> 79825+
00:48:41.430 -> 79830+
00:48:41.430 -> 79835+
00:48:41.440 -> ( 0.17, 0.78, 0.12, 8.87, 0.00, 0.00, 14.44, 495, 1 )
00:48:41.440 -> 79840+
00:48:41.440 -> 79845+
00:48:41.442 -> 79850+
00:48:41.448 -> 79855+
00:48:41.453 -> 79860+
00:48:41.462 -> 79865+
00:48:41.462 -> ( 0.19, 0.54, 0.24, 5.84, 0.00, 0.00, 11.40, 389, 1 )
00:48:41.462 -> 79870+
00:48:41.475 -> 79875+
00:48:41.475 -> 79880+
00:48:41.478 -> 79885+
00:48:41.491 -> ( 0.21, 0.83, 0.35, 5.13, 0.00, 0.00, 12.53, 486, 1 )
00:48:41.491 -> 79890+
00:48:41.491 -> 79895+
00:48:41.512 -> ( 0.24, 0.99, 0.53, 6.31, 0.00, 0.00, 16.28, 583, 0 )
00:48:41.542 -> ( 0.25, 0.75, 0.77, 9.57, 0.00, 0.00, 21.95, 683, 0 )
00:48:41.563 -> ( 0.26, 0.43, 1.12, 12.62, 0.00, 0.00, 28.11, 852, 0 )
00:48:41.593 -> ( 0.27, 0.24, 1.43, 14.51, 0.00, 0.00, 32.88, 965, 0 )
00:48:41.613 -> ( 0.27, 0.11, 1.91, 16.77, 0.00, 0.00, 39.94, 1151, 0 )
00:48:41.638 -> ( 0.27, 0.04, 2.32, 16.79, 0.00, 0.00, 43.83, 1340, 0 )
00:48:41.663 -> ( 0.27, 0.01, 2.87, 19.60, 0.00, 0.00, 52.47, 1496, 0 )
00:48:41.688 -> ( 0.27, -0.00, -2.95, 19.05, 0.00, 0.00, -5.76, -164, 0 )
00:48:41.713 -> ( 0.27, -0.01, -2.47, 19.66, 0.00, 0.00, -0.24, -7, 0 )
00:48:41.738 -> ( 0.27, -0.01, -2.04, 18.28, 0.00, 0.00, 1.45, 40, 0 )
00:48:41.763 -> ( 0.27, -0.00, -1.59, 17.32, 0.00, 0.00, 5.69, 161, 0 )
00:48:41.788 -> ( 0.27, -0.00, -1.25, 15.03, 0.00, 0.00, 6.39, 181, 0 )
00:48:41.813 -> ( 0.27, 0.00, -0.92, 13.79, 0.00, 0.00, 8.16, 232, 0 )
00:48:41.838 -> ( 0.27, 0.00, -0.64, 12.24, 0.00, 0.00, 9.31, 265, 0 )
00:48:41.861 -> 80265+
00:48:41.861 -> ( 0.27, 0.00, -0.36, 10.97, 0.00, 0.00, 10.35, 295, 1 )
00:48:41.863 -> 
00:48:41.863 -> 80270+
00:48:41.875 -> 80275+
00:48:41.875 -> 80280+
00:48:41.882 -> 80285+
00:48:41.886 -> ( 0.27, -0.00, -0.12, 10.31, 0.00, 0.00, 11.95, 340, 1 )
00:48:41.886 -> 80290+
00:48:41.888 -> 80295+
00:48:41.893 -> 80300+
00:48:41.898 -> 80305+
00:48:41.903 -> 80310+
00:48:41.912 -> 80315+
00:48:41.912 -> ( 0.27, 0.00, 0.11, 9.92, 0.00, 0.00, 13.80, 393, 1 )
00:48:41.912 -> 80320+
00:48:41.929 -> 80325+
00:48:41.929 -> 80330+
00:48:41.929 -> 80335+
00:48:41.938 -> 80340+
00:48:41.938 -> ( 0.27, 0.00, 0.35, 9.99, 0.00, 0.00, 16.31, 464, 1 )
00:48:41.963 -> ( 0.27, -0.00, 0.62, 10.28, 0.00, 0.00, 19.21, 547, 0 )
00:48:41.987 -> ( 0.27, 0.00, 0.89, 11.01, 0.00, 0.00, 22.74, 648, 0 )
00:48:42.013 -> ( 0.27, 0.00, 1.20, 12.39, 0.00, 0.00, 27.46, 782, 0 )
00:48:42.043 -> ( 0.27, 0.00, 1.54, 13.92, 0.00, 0.00, 33.20, 946, 0 )
00:48:42.063 -> ( 0.27, 0.00, 1.92, 15.40, 0.00, 0.00, 38.18, 1103, 0 )
00:48:42.092 -> ( 0.27, 0.00, 2.37, 16.56, 0.00, 0.00, 43.95, 1252, 0 )
00:48:42.113 -> ( 0.27, -0.00, 2.83, 18.50, 0.00, 0.00, 50.79, 1447, 0 )
00:48:42.143 -> ( 0.27, -0.00, -3.01, 18.47, 0.00, 0.00, -6.65, -189, 0 )
00:48:42.163 -> ( 0.27, -0.01, -2.52, 18.63, 0.00, 0.00, -1.94, -55, 0 )
00:48:42.193 -> ( 0.27, -0.00, -2.12, 18.17, 0.00, 0.00, 1.61, 45, 0 )
00:48:42.213 -> ( 0.27, -0.00, -1.71, 16.52, 0.00, 0.00, 3.59, 102, 0 )
00:48:42.238 -> ( 0.27, 0.00, -1.36, 14.84, 0.00, 0.00, 5.04, 143, 0 )
00:48:42.263 -> ( 0.27, 0.00, -1.04, 12.96, 0.00, 0.00, 5.96, 169, 0 )
00:48:42.288 -> ( 0.27, 0.00, -0.79, 11.21, 0.00, 0.00, 6.44, 183, 0 )
00:48:42.313 -> ( 0.27, 0.00, -0.56, 9.94, 0.00, 0.00, 7.19, 205, 0 )
00:48:42.330 -> 80735+
00:48:42.337 -> 80740+
00:48:42.337 -> ( 0.27, 0.00, -0.36, 8.77, 0.00, 0.00, 7.84, 223, 1 )
00:48:42.337 -> 80745+
00:48:42.347 -> 80750+
00:48:42.348 -> 80755+
00:48:42.353 -> 80760+
00:48:42.361 -> ( 0.27, -0.00, -0.14, 8.27, 0.00, 0.00, 9.31, 265, 1 )
00:48:42.361 -> 80765+
00:48:42.363 -> 80770+
00:48:42.375 -> 80775+
00:48:42.375 -> 80780+
00:48:42.378 -> 80785+
00:48:42.387 -> ( 0.27, -0.01, 0.01, 6.79, 0.00, 0.00, 9.09, 258, 1 )
00:48:42.387 -> 80790+
00:48:42.387 -> 80795+
00:48:42.398 -> 80800+
00:48:42.398 -> 80805+
00:48:42.403 -> 80810+
00:48:42.411 -> ( 0.27, 0.00, 0.08, 3.81, 0.00, 0.00, 6.27, 178, 1 )
00:48:42.411 -> 80815+
00:48:42.411 -> 80820+
00:48:42.429 -> 80825+
00:48:42.429 -> 80830+
00:48:42.429 -> 80835+
00:48:42.437 -> ( 0.27, 0.00, 0.11, 2.01, 0.00, 0.00, 4.23, 120, 1 )
00:48:42.437 -> 80840+
00:48:42.437 -> 80845+
00:48:42.449 -> 80850+
00:48:42.449 -> 80855+
00:48:42.453 -> 80860+
00:48:42.462 -> 80865+
00:48:42.462 -> ( 0.27, 0.00, 0.13, 1.08, 0.00, 0.00, 3.57, 101, 1 )
00:48:42.462 -> 80870+
00:48:42.475 -> 80875+
00:48:42.475 -> 80880+
00:48:42.478 -> 80885+
00:48:42.487 -> 80890+
00:48:42.487 -> ( 0.27, -0.00, 0.14, 0.57, 0.00, 0.00, 3.06, 87, 1 )
00:48:42.487 -> 80895+
00:48:42.498 -> 80900+
00:48:42.498 -> 80905+
00:48:42.503 -> 80910+
00:48:42.512 -> ( 0.27, -0.00, 0.15, 0.20, 0.00, 0.00, 2.66, 75, 1 )
00:48:42.512 -> 80915+
00:48:42.512 -> 80920+
00:48:42.533 -> 80925+
00:48:42.533 -> 80930+
00:48:42.533 -> 80935+
00:48:42.537 -> 80940+
00:48:42.537 -> ( 0.27, -0.00, 0.14, -0.39, 0.00, 0.00, 1.83, 52, 1 )
00:48:42.537 -> 80945+
00:48:42.543 -> 80950+
00:48:42.551 -> 80955+
00:48:42.553 -> 80960+
00:48:42.562 -> 80965+
00:48:42.562 -> ( 0.27, 0.00, 0.11, -0.95, 0.00, 0.00, 0.91, 26, 1 )
00:48:42.562 -> 80970+
00:48:42.576 -> 80975+
00:48:42.576 -> 80980+
00:48:42.578 -> 80985+
00:48:42.586 -> ( 0.27, 0.00, 0.06, -1.83, 0.00, 0.00, -0.62, -17, 1 )
00:48:42.586 -> 80990+
00:48:42.588 -> 80995+
00:48:42.593 -> 81000+
00:48:42.598 -> 81005+
00:48:42.603 -> 81010+
00:48:42.612 -> ( 0.27, -0.00, -0.02, -3.00, 0.00, 0.00, -2.73, -77, 1 )
00:48:42.612 -> 81015+
00:48:42.613 -> 81020+
00:48:42.631 -> 81025+
00:48:42.631 -> 81030+
00:48:42.631 -> 81035+
00:48:42.636 -> 81040+
00:48:42.636 -> ( 0.27, -0.00, -0.13, -4.40, 0.00, 0.00, -5.66, -161, 1 )
00:48:42.639 -> 81045+
00:48:42.643 -> 81050+
00:48:42.654 -> 81055+
00:48:42.654 -> 81060+
00:48:42.661 -> 81065+
00:48:42.661 -> ( 0.27, -0.01, -0.30, -5.94, 0.00, 0.00, -8.99, -257, 1 )
00:48:42.664 -> 81070+
00:48:42.672 -> 81075+
00:48:42.673 -> 81080+
00:48:42.688 -> ( 0.27, -0.03, -0.48, -7.16, 0.00, 0.00, -12.27, -352, 0 )
00:48:42.713 -> ( 0.27, -0.05, -0.68, -8.23, 0.00, 0.00, -15.63, -451, 0 )
00:48:42.745 -> ( 0.26, -0.11, -0.92, -9.34, 0.00, 0.00, -19.46, -567, 0 )
00:48:42.763 -> ( 0.26, -0.19, -1.19, -10.49, 0.00, 0.00, -23.75, -699, 0 )
00:48:42.793 -> ( 0.25, -0.25, -1.46, -11.12, 0.00, 0.00, -27.39, -810, 0 )
00:48:42.813 -> ( 0.24, -0.33, -1.73, -10.86, 0.00, 0.00, -29.91, -891, 0 )
00:48:42.845 -> ( 0.23, -0.38, -1.93, -8.78, 0.00, 0.00, -29.79, -894, 0 )
00:48:42.863 -> ( 0.22, -0.44, -2.09, -6.63, 0.00, 0.00, -28.89, -876, 0 )
00:48:42.893 -> ( 0.21, -0.49, -2.15, -3.65, 0.00, 0.00, -26.23, -806, 0 )
00:48:42.913 -> ( 0.19, -0.54, -2.15, -0.80, 0.00, 0.00, -23.03, -708, 0 )
00:48:42.938 -> ( 0.18, -0.55, -2.09, 1.67, 0.00, 0.00, -19.59, -623, 0 )
00:48:42.963 -> ( 0.16, -0.58, -2.02, 2.75, 0.00, 0.00, -17.71, -573, 0 )
00:48:42.988 -> ( 0.15, -0.58, -1.95, 2.71, 0.00, 0.00, -17.16, -558, 0 )
00:48:43.013 -> ( 0.13, -0.61, -1.90, 2.32, 0.00, 0.00, -17.25, -572, 0 )
00:48:43.038 -> ( 0.12, -0.62, -1.87, 1.36, 0.00, 0.00, -18.19, -592, 0 )
00:48:43.063 -> ( 0.10, -0.62, -1.87, 0.43, 0.00, 0.00, -19.32, -624, 0 )
00:48:43.088 -> ( 0.09, -0.60, -1.89, -0.48, 0.00, 0.00, -20.58, -659, 0 )
00:48:43.113 -> ( 0.07, -0.59, -1.93, -1.36, 0.00, 0.00, -22.01, -703, 0 )
00:48:43.138 -> ( 0.06, -0.53, -1.98, -1.96, 0.00, 0.00, -23.16, -723, 0 )
00:48:43.163 -> ( 0.05, -0.47, -2.03, -2.09, 0.00, 0.00, -23.67, -730, 0 )
00:48:43.188 -> ( 0.04, -0.42, -2.08, -1.89, 0.00, 0.00, -23.79, -728, 0 )
00:48:43.213 -> ( 0.03, -0.37, -2.12, -1.66, 0.00, 0.00, -23.79, -727, 0 )
00:48:43.238 -> ( 0.02, -0.34, -2.15, -1.52, 0.00, 0.00, -23.96, -723, 0 )
00:48:43.263 -> ( 0.01, -0.32, -2.19, -1.62, 0.00, 0.00, -24.44, -734, 0 )
00:48:43.288 -> ( 0.01, -0.29, -2.24, -1.73, 0.00, 0.00, -24.95, -746, 0 )
00:48:43.313 -> ( 0.00, -0.25, -2.29, -2.14, 0.00, 0.00, -25.88, -770, 0 )
00:48:43.344 -> ( -0.00, -0.22, -2.37, -2.97, 0.00, 0.00, -27.62, -813, 0 )
00:48:43.364 -> ( -0.01, -0.17, -2.46, -3.22, 0.00, 0.00, -28.58, -834, 0 )
00:48:43.391 -> ( -0.01, -0.13, -2.54, -3.53, 0.00, 0.00, -29.74, -863, 0 )
00:48:43.413 -> ( -0.01, -0.09, -2.62, -3.29, 0.00, 0.00, -30.08, -868, 0 )
00:48:43.438 -> ( -0.01, -0.06, -2.70, -3.04, 0.00, 0.00, -30.47, -875, 0 )
00:48:43.463 -> ( -0.01, -0.01, -2.76, -2.68, 0.00, 0.00, -30.50, -870, 0 )
00:48:43.488 -> ( -0.01, -0.00, -2.81, -2.50, 0.00, 0.00, -30.84, -878, 0 )
00:48:43.513 -> ( -0.01, 0.00, -2.88, -2.58, 0.00, 0.00, -31.55, -898, 0 )
00:48:43.538 -> ( -0.01, -0.00, -2.94, -2.48, 0.00, 0.00, -32.06, -913, 0 )
00:48:43.563 -> ( -0.01, 0.00, -2.99, -2.28, 0.00, 0.00, -32.33, -921, 0 )
00:48:43.588 -> ( -0.01, -0.00, -3.04, -2.00, 0.00, 0.00, -32.44, -924, 0 )
00:48:43.613 -> ( -0.01, 0.00, -3.08, -1.73, 0.00, 0.00, -32.66, -930, 0 )
00:48:43.638 -> ( -0.01, 0.00, -3.12, -1.86, 0.00, 0.00, -33.08, -942, 0 )
00:48:43.663 -> ( -0.01, -0.00, 3.12, -1.78, 0.00, 0.00, 28.66, 816, 0 )
00:48:43.691 -> ( -0.01, 0.00, 3.07, -1.84, 0.00, 0.00, 28.15, 802, 0 )
00:48:43.713 -> ( -0.01, 0.00, 3.03, -1.72, 0.00, 0.00, 27.93, 796, 0 )
00:48:43.738 -> ( -0.01, -0.00, 3.00, -1.51, 0.00, 0.00, 27.84, 793, 0 )
00:48:43.763 -> ( -0.01, -0.00, 2.98, -0.95, 0.00, 0.00, 28.27, 805, 0 )
00:48:43.788 -> ( -0.01, -0.00, 2.96, -0.73, 0.00, 0.00, 28.38, 808, 0 )
00:48:43.812 -> ( -0.01, 0.00, 2.96, -0.35, 0.00, 0.00, 28.81, 821, 0 )
00:48:43.838 -> ( -0.01, 0.00, 2.96, 0.02, 0.00, 0.00, 29.23, 833, 0 )
00:48:43.863 -> ( -0.01, -0.00, 2.97, 0.37, 0.00, 0.00, 29.75, 847, 0 )
00:48:43.888 -> ( -0.01, -0.00, 2.98, 0.60, 0.00, 0.00, 30.18, 860, 0 )
00:48:43.913 -> ( -0.01, 0.00, 3.01, 0.88, 0.00, 0.00, 30.82, 878, 0 )
00:48:43.938 -> ( -0.01, -0.00, 3.04, 1.15, 0.00, 0.00, 31.37, 893, 0 )
00:48:43.962 -> ( -0.01, -0.00, 3.07, 1.26, 0.00, 0.00, 31.81, 906, 0 )
00:48:43.988 -> ( -0.01, -0.00, 3.11, 1.44, 0.00, 0.00, 32.39, 922, 0 )
00:48:44.013 -> ( -0.01, -0.00, -3.14, 1.49, 0.00, 0.00, -29.33, -835, 0 )
00:48:44.038 -> ( -0.01, 0.00, -3.10, 1.50, 0.00, 0.00, -28.94, -824, 0 )
00:48:44.063 -> ( -0.01, -0.00, -3.07, 1.44, 0.00, 0.00, -28.67, -817, 0 )
00:48:44.088 -> ( -0.01, -0.00, -3.03, 1.35, 0.00, 0.00, -28.47, -811, 0 )
00:48:44.113 -> ( -0.01, 0.00, -3.01, 1.16, 0.00, 0.00, -28.39, -809, 0 )
00:48:44.142 -> ( -0.01, 0.00, -2.99, 0.86, 0.00, 0.00, -28.58, -814, 0 )
00:48:44.163 -> ( -0.01, -0.00, -2.97, 0.59, 0.00, 0.00, -28.77, -819, 0 )
00:48:44.191 -> ( -0.01, -0.00, -2.97, 0.41, 0.00, 0.00, -28.90, -823, 0 )
00:48:44.213 -> ( -0.01, 0.00, -2.97, 0.02, 0.00, 0.00, -29.39, -837, 0 )
00:48:44.242 -> ( -0.01, 0.00, -2.98, -0.24, 0.00, 0.00, -29.77, -848, 0 )
00:48:44.264 -> ( -0.01, -0.00, -2.99, -0.51, 0.00, 0.00, -30.25, -862, 0 )
00:48:44.292 -> ( -0.01, -0.00, -3.02, -0.87, 0.00, 0.00, -30.91, -880, 0 )
00:48:44.313 -> ( -0.01, -0.00, -3.04, -1.08, 0.00, 0.00, -31.46, -896, 0 )
00:48:44.345 -> ( -0.01, -0.00, -3.07, -1.20, 0.00, 0.00, -31.87, -908, 0 )
00:48:44.364 -> ( -0.01, -0.00, -3.11, -1.38, 0.00, 0.00, -32.41, -923, 0 )
00:48:44.388 -> ( -0.01, -0.00, 3.14, -1.41, 0.00, 0.00, 29.35, 836, 0 )
00:48:44.413 -> ( -0.01, -0.00, 3.11, -1.42, 0.00, 0.00, 28.99, 826, 0 )
00:48:44.438 -> ( -0.01, -0.00, 3.08, -1.34, 0.00, 0.00, 28.77, 819, 0 )
00:48:44.463 -> ( -0.01, -0.00, 3.04, -1.20, 0.00, 0.00, 28.65, 816, 0 )
00:48:44.488 -> ( -0.01, -0.00, 3.02, -1.12, 0.00, 0.00, 28.48, 811, 0 )
00:48:44.513 -> ( -0.01, -0.00, 3.00, -0.83, 0.00, 0.00, 28.56, 813, 0 )
00:48:44.538 -> ( -0.01, -0.00, 2.98, -0.65, 0.00, 0.00, 28.70, 817, 0 )
00:48:44.563 -> ( -0.01, 0.00, 2.98, -0.34, 0.00, 0.00, 29.02, 827, 0 )
00:48:44.588 -> ( -0.01, -0.00, 2.98, 0.04, 0.00, 0.00, 29.48, 840, 0 )
00:48:44.613 -> ( -0.01, -0.00, 2.99, 0.19, 0.00, 0.00, 29.87, 851, 0 )
00:48:44.638 -> ( -0.01, -0.00, 3.00, 0.49, 0.00, 0.00, 30.22, 861, 0 )
00:48:44.663 -> ( -0.01, 0.00, 3.02, 0.79, 0.00, 0.00, 30.78, 877, 0 )
00:48:44.688 -> ( -0.01, 0.00, 3.05, 0.95, 0.00, 0.00, 31.21, 889, 0 )
00:48:44.713 -> ( -0.01, -0.00, 3.08, 1.17, 0.00, 0.00, 31.78, 905, 0 )
00:48:44.738 -> ( -0.01, -0.00, 3.11, 1.33, 0.00, 0.00, 32.27, 919, 0 )
00:48:44.763 -> ( -0.01, -0.00, 3.14, 1.25, 0.00, 0.00, 32.47, 925, 0 )
00:48:44.788 -> ( -0.01, 0.00, -3.11, 1.38, 0.00, 0.00, -29.18, -831, 0 )
00:48:44.815 -> ( -0.01, 0.00, -3.08, 1.25, 0.00, 0.00, -29.05, -827, 0 )
00:48:44.838 -> ( -0.01, -0.00, -3.05, 1.21, 0.00, 0.00, -28.81, -821, 0 )
00:48:44.863 -> ( -0.01, -0.00, -3.03, 0.95, 0.00, 0.00, -28.88, -823, 0 )
00:48:44.889 -> ( -0.01, -0.00, -3.01, 0.79, 0.00, 0.00, -28.90, -823, 0 )
00:48:44.913 -> ( -0.01, -0.00, -3.00, 0.53, 0.00, 0.00, -29.07, -828, 0 )
00:48:44.938 -> ( -0.01, -0.00, -2.99, 0.26, 0.00, 0.00, -29.34, -836, 0 )
00:48:44.964 -> ( -0.01, -0.00, -2.99, 0.01, 0.00, 0.00, -29.63, -844, 0 )
00:48:44.990 -> ( -0.01, -0.00, -3.00, -0.17, 0.00, 0.00, -29.89, -856, 0 )
00:48:45.014 -> ( -0.01, -0.00, -3.01, -0.52, 0.00, 0.00, -30.46, -868, 0 )
00:48:45.041 -> ( -0.01, -0.00, -3.03, -0.62, 0.00, 0.00, -30.73, -875, 0 )
00:48:45.063 -> ( -0.01, -0.00, -3.05, -0.86, 0.00, 0.00, -31.26, -890, 0 )
00:48:45.089 -> ( -0.01, 0.00, -3.08, -1.03, 0.00, 0.00, -31.71, -905, 0 )
00:48:45.113 -> ( -0.01, 0.00, -3.11, -1.18, 0.00, 0.00, -32.20, -917, 0 )
00:48:45.138 -> ( -0.01, 0.00, -3.14, -1.23, 0.00, 0.00, -32.54, -927, 0 )
00:48:45.163 -> ( -0.01, -0.00, 3.12, -1.19, 0.00, 0.00, 29.36, 836, 0 )
00:48:45.189 -> ( -0.01, -0.00, 3.09, -1.20, 0.00, 0.00, 29.06, 827, 0 )
00:48:45.213 -> ( -0.01, -0.00, 3.06, -1.03, 0.00, 0.00, 29.01, 826, 0 )
00:48:45.240 -> ( -0.01, -0.00, 3.04, -0.86, 0.00, 0.00, 29.00, 826, 0 )
00:48:45.263 -> ( -0.01, 0.00, 3.02, -0.76, 0.00, 0.00, 28.93, 824, 0 )
00:48:45.293 -> ( -0.01, -0.00, 3.01, -0.50, 0.00, 0.00, 29.13, 826, 0 )
00:48:45.313 -> ( -0.01, -0.00, 3.00, -0.33, 0.00, 0.00, 29.26, 833, 0 )
00:48:45.345 -> ( -0.01, -0.00, 3.00, -0.09, 0.00, 0.00, 29.54, 841, 0 )
00:48:45.363 -> ( -0.01, 0.00, 3.01, 0.24, 0.00, 0.00, 30.01, 855, 0 )
00:48:45.393 -> ( -0.01, -0.00, 3.02, 0.40, 0.00, 0.00, 30.30, 862, 0 )
00:48:45.413 -> ( -0.01, -0.00, 3.04, 0.66, 0.00, 0.00, 30.78, 877, 0 )
00:48:45.438 -> ( -0.01, -0.00, 3.06, 0.73, 0.00, 0.00, 31.05, 885, 0 )
00:48:45.463 -> ( -0.01, 0.00, 3.08, 0.99, 0.00, 0.00, 31.62, 901, 0 )
00:48:45.488 -> ( -0.01, 0.00, 3.11, 0.98, 0.00, 0.00, 31.90, 909, 0 )
00:48:45.513 -> ( -0.01, 0.00, 3.14, 1.15, 0.00, 0.00, 32.35, 921, 0 )
00:48:45.539 -> ( -0.01, 0.00, -3.12, 1.13, 0.00, 0.00, -29.55, -842, 0 )
00:48:45.563 -> ( -0.01, 0.00, -3.09, 1.11, 0.00, 0.00, -29.31, -835, 0 )
00:48:45.588 -> ( -0.01, -0.00, -3.07, 1.02, 0.00, 0.00, -29.13, -830, 0 )
00:48:45.613 -> ( -0.01, -0.00, -3.05, 0.84, 0.00, 0.00, -29.19, -832, 0 )
00:48:45.638 -> ( -0.01, -0.00, -3.03, 0.68, 0.00, 0.00, -29.23, -832, 0 )
00:48:45.663 -> ( -0.01, -0.00, -3.02, 0.53, 0.00, 0.00, -29.30, -835, 0 )
00:48:45.688 -> ( -0.01, 0.00, -3.02, 0.25, 0.00, 0.00, -29.61, -843, 0 )
00:48:45.713 -> ( -0.01, -0.00, -3.02, -0.01, 0.00, 0.00, -29.89, -851, 0 )
00:48:45.739 -> ( -0.01, -0.00, -3.02, -0.21, 0.00, 0.00, -30.18, -860, 0 )
00:48:45.764 -> ( -0.01, -0.00, -3.03, -0.43, 0.00, 0.00, -30.54, -870, 0 )
00:48:45.788 -> ( -0.01, -0.00, -3.04, -0.53, 0.00, 0.00, -30.78, -877, 0 )
00:48:45.813 -> ( -0.01, 0.00, -3.06, -0.69, 0.00, 0.00, -31.26, -890, 0 )
00:48:45.838 -> ( -0.01, -0.00, -3.09, -0.84, 0.00, 0.00, -31.57, -899, 0 )
00:48:45.863 -> ( -0.01, -0.00, -3.11, -0.94, 0.00, 0.00, -31.92, -909, 0 )
00:48:45.888 -> ( -0.01, -0.00, -3.13, -1.03, 0.00, 0.00, -32.26, -919, 0 )
00:48:45.913 -> ( -0.01, -0.00, 3.12, -1.01, 0.00, 0.00, 29.64, 844, 0 )
00:48:45.938 -> ( -0.01, -0.00, 3.10, -1.02, 0.00, 0.00, 29.37, 837, 0 )
00:48:45.963 -> ( -0.01, -0.00, 3.08, -0.92, 0.00, 0.00, 29.29, 834, 0 )
00:48:45.988 -> ( -0.01, -0.00, 3.06, -0.81, 0.00, 0.00, 29.34, 836, 0 )
00:48:46.013 -> ( -0.01, -0.00, 3.04, -0.64, 0.00, 0.00, 29.28, 834, 0 )
00:48:46.038 -> ( -0.01, -0.00, 3.03, -0.49, 0.00, 0.00, 29.35, 836, 0 )
00:48:46.063 -> ( -0.01, -0.00, 3.03, -0.30, 0.00, 0.00, 29.53, 841, 0 )
00:48:46.088 -> ( -0.01, -0.00, 3.03, -0.09, 0.00, 0.00, 29.79, 849, 0 )
00:48:46.113 -> ( -0.01, -0.00, 3.03, 0.14, 0.00, 0.00, 30.10, 857, 0 )
00:48:46.141 -> ( -0.01, -0.00, 3.04, 0.40, 0.00, 0.00, 30.51, 869, 0 )
00:48:46.163 -> ( -0.01, 0.00, 3.05, 0.46, 0.00, 0.00, 30.69, 874, 0 )
00:48:46.190 -> ( -0.01, 0.00, 3.07, 0.65, 0.00, 0.00, 31.01, 883, 0 )
00:48:46.213 -> ( -0.01, 0.00, 3.09, 0.77, 0.00, 0.00, 31.44, 895, 0 )
00:48:46.241 -> ( -0.01, 0.00, 3.11, 0.82, 0.00, 0.00, 31.71, 903, 0 )
00:48:46.262 -> ( -0.01, 0.00, 3.14, 0.94, 0.00, 0.00, 32.08, 914, 0 )
00:48:46.291 -> ( -0.01, 0.00, -3.13, 0.87, 0.00, 0.00, -29.86, -850, 0 )
00:48:46.314 -> ( -0.01, 0.00, -3.10, 0.87, 0.00, 0.00, -29.70, -846, 0 )
00:48:46.343 -> ( -0.01, 0.00, -3.08, 0.89, 0.00, 0.00, -29.48, -840, 0 )
00:48:46.363 -> ( -0.01, 0.00, -3.07, 0.74, 0.00, 0.00, -29.49, -840, 0 )
00:48:46.393 -> ( -0.01, -0.00, -3.05, 0.59, 0.00, 0.00, -29.61, -843, 0 )
00:48:46.413 -> ( -0.01, -0.00, -3.04, 0.45, 0.00, 0.00, -29.60, -843, 0 )
00:48:46.438 -> ( -0.01, -0.00, -3.04, 0.34, 0.00, 0.00, -29.69, -846, 0 )
00:48:46.463 -> ( -0.01, -0.00, -3.04, 0.34, 0.00, 0.00, -29.69, -846, 0 )
00:48:46.488 -> ( -0.01, 0.00, -3.04, 0.06, 0.00, 0.00, -30.20, -860, 0 )
00:48:46.513 -> ( -0.01, 0.00, -3.05, -0.32, 0.00, 0.00, -30.55, -870, 0 )
00:48:46.538 -> ( -0.01, -0.00, -3.06, -0.50, 0.00, 0.00, -30.94, -881, 0 )
00:48:46.563 -> ( -0.01, 0.00, -3.08, -0.53, 0.00, 0.00, -31.10, -886, 0 )
00:48:46.589 -> ( -0.01, -0.00, -3.09, -0.62, 0.00, 0.00, -31.36, -893, 0 )
00:48:46.614 -> ( -0.01, 0.00, -3.12, -0.78, 0.00, 0.00, -31.78, -905, 0 )
00:48:46.638 -> ( -0.01, 0.00, -3.14, -0.87, 0.00, 0.00, -32.09, -914, 0 )
00:48:46.663 -> ( -0.01, 0.00, 3.13, -0.79, 0.00, 0.00, 29.96, 853, 0 )
00:48:46.688 -> ( -0.01, -0.00, 3.11, -0.81, 0.00, 0.00, 29.76, 847, 0 )
00:48:46.713 -> ( -0.01, 0.00, 3.09, -0.76, 0.00, 0.00, 29.60, 843, 0 )
00:48:46.738 -> ( -0.01, 0.00, 3.07, -0.70, 0.00, 0.00, 29.52, 841, 0 )
00:48:46.763 -> ( -0.01, 0.00, 3.06, -0.50, 0.00, 0.00, 29.65, 845, 0 )
00:48:46.788 -> ( -0.01, 0.00, 3.05, -0.46, 0.00, 0.00, 29.66, 845, 0 )
00:48:46.813 -> ( -0.01, 0.00, 3.05, -0.18, 0.00, 0.00, 29.91, 852, 0 )
00:48:46.838 -> ( -0.01, 0.00, 3.05, 0.03, 0.00, 0.00, 30.15, 859, 0 )
00:48:46.863 -> ( -0.01, 0.00, 3.05, 0.11, 0.00, 0.00, 30.28, 862, 0 )
00:48:46.888 -> ( -0.01, 0.00, 3.06, 0.27, 0.00, 0.00, 30.54, 870, 0 )
00:48:46.913 -> ( -0.01, -0.00, 3.07, 0.35, 0.00, 0.00, 30.71, 879, 0 )
00:48:46.938 -> ( -0.01, -0.00, 3.08, 0.51, 0.00, 0.00, 31.05, 884, 0 )
00:48:46.963 -> ( -0.01, -0.00, 3.10, 0.62, 0.00, 0.00, 31.34, 891, 0 )
00:48:46.988 -> ( -0.01, -0.00, 3.12, 0.68, 0.00, 0.00, 31.58, 900, 0 )
00:48:47.013 -> ( -0.01, -0.00, 3.13, 0.68, 0.00, 0.00, 31.75, 904, 0 )
00:48:47.038 -> ( -0.01, -0.00, -3.13, 0.77, 0.00, 0.00, -30.08, -857, 0 )
00:48:47.063 -> ( -0.01, -0.00, -3.11, 0.69, 0.00, 0.00, -30.02, -857, 0 )
00:48:47.090 -> ( -0.01, -0.00, -3.09, 0.71, 0.00, 0.00, -29.82, -849, 0 )
00:48:47.114 -> ( -0.01, -0.00, -3.08, 0.61, 0.00, 0.00, -29.81, -849, 0 )
00:48:47.138 -> ( -0.01, 0.00, -3.07, 0.48, 0.00, 0.00, -29.85, -850, 0 )
00:48:47.164 -> ( -0.01, 0.00, -3.06, 0.38, 0.00, 0.00, -29.90, -853, 0 )
00:48:47.188 -> ( -0.01, 0.00, -3.06, 0.15, 0.00, 0.00, -30.14, -858, 0 )
00:48:47.213 -> ( -0.01, -0.00, -3.06, 0.08, 0.00, 0.00, -30.19, -860, 0 )
00:48:47.239 -> ( -0.01, -0.00, -3.06, -0.15, 0.00, 0.00, -30.52, -869, 0 )
00:48:47.264 -> ( -0.01, -0.00, -3.07, -0.22, 0.00, 0.00, -30.63, -872, 0 )
00:48:47.289 -> ( -0.01, -0.00, -3.08, -0.36, 0.00, 0.00, -30.93, -881, 0 )
00:48:47.314 -> ( -0.01, -0.00, -3.09, -0.40, 0.00, 0.00, -31.08, -885, 0 )
00:48:47.338 -> ( -0.01, -0.00, -3.10, -0.60, 0.00, 0.00, -31.46, -896, 0 )
00:48:47.364 -> ( -0.01, 0.00, -3.12, -0.56, 0.00, 0.00, -31.66, -902, 0 )
00:48:47.388 -> ( -0.01, 0.00, -3.14, -0.67, 0.00, 0.00, -31.86, -907, 0 )
00:48:47.413 -> ( -0.01, 0.00, 3.13, -0.68, 0.00, 0.00, 30.11, 858, 0 )
00:48:47.438 -> ( -0.01, 0.00, 3.12, -0.68, 0.00, 0.00, 29.96, 853, 0 )
00:48:47.463 -> ( -0.01, 0.00, 3.10, -0.58, 0.00, 0.00, 30.02, 855, 0 )
00:48:47.488 -> ( -0.01, 0.00, 3.09, -0.51, 0.00, 0.00, 29.90, 852, 0 )
00:48:47.513 -> ( -0.01, 0.00, 3.08, -0.35, 0.00, 0.00, 30.02, 855, 0 )
00:48:47.538 -> ( -0.01, -0.00, 3.07, -0.30, 0.00, 0.00, 30.00, 854, 0 )
00:48:47.563 -> ( -0.01, -0.00, 3.07, -0.14, 0.00, 0.00, 30.17, 859, 0 )
00:48:47.588 -> ( -0.01, -0.00, 3.07, -0.08, 0.00, 0.00, 30.20, 860, 0 )
00:48:47.613 -> ( -0.01, -0.00, 3.07, 0.15, 0.00, 0.00, 30.52, 869, 0 )
00:48:47.644 -> ( -0.01, -0.00, 3.08, 0.24, 0.00, 0.00, 30.68, 874, 0 )
00:48:47.663 -> ( -0.01, -0.00, 3.09, 0.34, 0.00, 0.00, 30.84, 878, 0 )
00:48:47.693 -> ( -0.01, -0.00, 3.10, 0.40, 0.00, 0.00, 31.05, 884, 0 )
00:48:47.713 -> ( -0.01, -0.00, 3.11, 0.44, 0.00, 0.00, 31.20, 889, 0 )
00:48:47.738 -> ( -0.01, 0.00, 3.12, 0.59, 0.00, 0.00, 31.54, 898, 0 )
00:48:47.763 -> ( -0.01, 0.00, 3.14, 0.58, 0.00, 0.00, 31.58, 900, 0 )
00:48:47.788 -> ( -0.01, 0.00, -3.13, 0.63, 0.00, 0.00, -30.27, -862, 0 )
00:48:47.813 -> ( -0.01, 0.00, -3.12, 0.48, 0.00, 0.00, -30.34, -864, 0 )
00:48:47.838 -> ( -0.01, 0.00, -3.11, 0.51, 0.00, 0.00, -30.18, -860, 0 )
